(kicad_pcb (version 20171130) (host pcbnew "(5.1.5)-3")

  (general
    (thickness 1.6)
    (drawings 5)
    (tracks 633)
    (zones 0)
    (modules 46)
    (nets 61)
  )

  (page A4)
  (layers
    (0 F.Cu signal)
    (31 B.Cu signal)
    (32 B.Adhes user)
    (33 F.Adhes user)
    (34 B.Paste user)
    (35 F.Paste user)
    (36 B.SilkS user)
    (37 F.SilkS user)
    (38 B.Mask user)
    (39 F.Mask user)
    (40 Dwgs.User user)
    (41 Cmts.User user)
    (42 Eco1.User user)
    (43 Eco2.User user)
    (44 Edge.Cuts user)
    (45 Margin user)
    (46 B.CrtYd user)
    (47 F.CrtYd user)
    (48 B.Fab user)
    (49 F.Fab user)
  )

  (setup
    (last_trace_width 0.5)
    (trace_clearance 0.25)
    (zone_clearance 0.508)
    (zone_45_only no)
    (trace_min 0.2)
    (via_size 1.4)
    (via_drill 0.4)
    (via_min_size 0.4)
    (via_min_drill 0.3)
    (uvia_size 0.3)
    (uvia_drill 0.1)
    (uvias_allowed no)
    (uvia_min_size 0.2)
    (uvia_min_drill 0.1)
    (edge_width 0.05)
    (segment_width 0.2)
    (pcb_text_width 0.3)
    (pcb_text_size 1.5 1.5)
    (mod_edge_width 0.12)
    (mod_text_size 1 1)
    (mod_text_width 0.15)
    (pad_size 1.524 1.524)
    (pad_drill 0.762)
    (pad_to_mask_clearance 0.051)
    (solder_mask_min_width 0.25)
    (aux_axis_origin 0 0)
    (visible_elements 7FFFFFFF)
    (pcbplotparams
      (layerselection 0x00000_7fffffff)
      (usegerberextensions false)
      (usegerberattributes false)
      (usegerberadvancedattributes false)
      (creategerberjobfile false)
      (excludeedgelayer true)
      (linewidth 0.100000)
      (plotframeref false)
      (viasonmask false)
      (mode 1)
      (useauxorigin false)
      (hpglpennumber 1)
      (hpglpenspeed 20)
      (hpglpendiameter 15.000000)
      (psnegative false)
      (psa4output false)
      (plotreference true)
      (plotvalue true)
      (plotinvisibletext false)
      (padsonsilk false)
      (subtractmaskfromsilk false)
      (outputformat 4)
      (mirror false)
      (drillshape 1)
      (scaleselection 1)
      (outputdirectory ""))
  )

  (net 0 "")
  (net 1 GND)
  (net 2 +5V)
  (net 3 "Net-(C2-Pad1)")
  (net 4 "Net-(D1-Pad2)")
  (net 5 "Net-(D3-Pad6)")
  (net 6 "Net-(D3-Pad4)")
  (net 7 "Net-(D3-Pad7)")
  (net 8 "Net-(D3-Pad2)")
  (net 9 "Net-(D3-Pad9)")
  (net 10 "Net-(D3-Pad1)")
  (net 11 "Net-(D3-Pad10)")
  (net 12 "Net-(D4-Pad6)")
  (net 13 "Net-(D4-Pad4)")
  (net 14 "Net-(D4-Pad7)")
  (net 15 "Net-(D4-Pad2)")
  (net 16 "Net-(D4-Pad9)")
  (net 17 "Net-(D4-Pad1)")
  (net 18 "Net-(D4-Pad10)")
  (net 19 "Net-(D5-Pad10)")
  (net 20 "Net-(D5-Pad1)")
  (net 21 "Net-(D5-Pad9)")
  (net 22 "Net-(D5-Pad2)")
  (net 23 "Net-(D5-Pad7)")
  (net 24 "Net-(D5-Pad4)")
  (net 25 "Net-(D5-Pad6)")
  (net 26 "Net-(D6-Pad10)")
  (net 27 "Net-(D6-Pad1)")
  (net 28 "Net-(D6-Pad9)")
  (net 29 "Net-(D6-Pad2)")
  (net 30 "Net-(D6-Pad7)")
  (net 31 "Net-(D6-Pad4)")
  (net 32 "Net-(D6-Pad6)")
  (net 33 "Net-(J1-Pad1)")
  (net 34 "Net-(R1-Pad2)")
  (net 35 "Net-(R2-Pad2)")
  (net 36 "Net-(R3-Pad2)")
  (net 37 "Net-(R4-Pad2)")
  (net 38 "Net-(R6-Pad2)")
  (net 39 "Net-(U1-Pad1)")
  (net 40 "Net-(U1-Pad3)")
  (net 41 "Net-(U1-Pad4)")
  (net 42 /minla)
  (net 43 /minlb)
  (net 44 /minlc)
  (net 45 /minld)
  (net 46 /minha)
  (net 47 /minhb)
  (net 48 /minhc)
  (net 49 "Net-(U2-Pad9)")
  (net 50 /hourhb)
  (net 51 /hourha)
  (net 52 /hourld)
  (net 53 /hourlc)
  (net 54 /hourlb)
  (net 55 /hourla)
  (net 56 "Net-(C11-Pad1)")
  (net 57 /2v)
  (net 58 "Net-(D7-Pad1)")
  (net 59 "Net-(R7-Pad1)")
  (net 60 "Net-(R8-Pad1)")

  (net_class Default "This is the default net class."
    (clearance 0.25)
    (trace_width 0.5)
    (via_dia 1.4)
    (via_drill 0.4)
    (uvia_dia 0.3)
    (uvia_drill 0.1)
    (add_net +5V)
    (add_net /2v)
    (add_net /hourha)
    (add_net /hourhb)
    (add_net /hourla)
    (add_net /hourlb)
    (add_net /hourlc)
    (add_net /hourld)
    (add_net /minha)
    (add_net /minhb)
    (add_net /minhc)
    (add_net /minla)
    (add_net /minlb)
    (add_net /minlc)
    (add_net /minld)
    (add_net GND)
    (add_net "Net-(C11-Pad1)")
    (add_net "Net-(C2-Pad1)")
    (add_net "Net-(D1-Pad2)")
    (add_net "Net-(D3-Pad1)")
    (add_net "Net-(D3-Pad10)")
    (add_net "Net-(D3-Pad2)")
    (add_net "Net-(D3-Pad4)")
    (add_net "Net-(D3-Pad6)")
    (add_net "Net-(D3-Pad7)")
    (add_net "Net-(D3-Pad9)")
    (add_net "Net-(D4-Pad1)")
    (add_net "Net-(D4-Pad10)")
    (add_net "Net-(D4-Pad2)")
    (add_net "Net-(D4-Pad4)")
    (add_net "Net-(D4-Pad6)")
    (add_net "Net-(D4-Pad7)")
    (add_net "Net-(D4-Pad9)")
    (add_net "Net-(D5-Pad1)")
    (add_net "Net-(D5-Pad10)")
    (add_net "Net-(D5-Pad2)")
    (add_net "Net-(D5-Pad4)")
    (add_net "Net-(D5-Pad6)")
    (add_net "Net-(D5-Pad7)")
    (add_net "Net-(D5-Pad9)")
    (add_net "Net-(D6-Pad1)")
    (add_net "Net-(D6-Pad10)")
    (add_net "Net-(D6-Pad2)")
    (add_net "Net-(D6-Pad4)")
    (add_net "Net-(D6-Pad6)")
    (add_net "Net-(D6-Pad7)")
    (add_net "Net-(D6-Pad9)")
    (add_net "Net-(D7-Pad1)")
    (add_net "Net-(J1-Pad1)")
    (add_net "Net-(R1-Pad2)")
    (add_net "Net-(R2-Pad2)")
    (add_net "Net-(R3-Pad2)")
    (add_net "Net-(R4-Pad2)")
    (add_net "Net-(R6-Pad2)")
    (add_net "Net-(R7-Pad1)")
    (add_net "Net-(R8-Pad1)")
    (add_net "Net-(U1-Pad1)")
    (add_net "Net-(U1-Pad3)")
    (add_net "Net-(U1-Pad4)")
    (add_net "Net-(U2-Pad9)")
  )

  (module MountingHole:MountingHole_3.2mm_M3 (layer F.Cu) (tedit 56D1B4CB) (tstamp 602D294D)
    (at 119 80)
    (descr "Mounting Hole 3.2mm, no annular, M3")
    (tags "mounting hole 3.2mm no annular m3")
    (attr virtual)
    (fp_text reference REF** (at 0 -4.2) (layer F.SilkS)
      (effects (font (size 1 1) (thickness 0.15)))
    )
    (fp_text value MountingHole_3.2mm_M3 (at 0 4.2) (layer F.Fab)
      (effects (font (size 1 1) (thickness 0.15)))
    )
    (fp_circle (center 0 0) (end 3.45 0) (layer F.CrtYd) (width 0.05))
    (fp_circle (center 0 0) (end 3.2 0) (layer Cmts.User) (width 0.15))
    (fp_text user %R (at 0.3 0) (layer F.Fab)
      (effects (font (size 1 1) (thickness 0.15)))
    )
    (pad 1 np_thru_hole circle (at 0 0) (size 3.2 3.2) (drill 3.2) (layers *.Cu *.Mask))
  )

  (module Capacitor_SMD:C_0805_2012Metric_Pad1.15x1.40mm_HandSolder (layer B.Cu) (tedit 5B36C52B) (tstamp 6029901E)
    (at 109 113.225 90)
    (descr "Capacitor SMD 0805 (2012 Metric), square (rectangular) end terminal, IPC_7351 nominal with elongated pad for handsoldering. (Body size source: https://docs.google.com/spreadsheets/d/1BsfQQcO9C6DZCsRaXUlFlo91Tg2WpOkGARC1WS5S8t0/edit?usp=sharing), generated with kicad-footprint-generator")
    (tags "capacitor handsolder")
    (path /60620DC5)
    (attr smd)
    (fp_text reference C1 (at 0 1.65 270) (layer B.SilkS)
      (effects (font (size 1 1) (thickness 0.15)) (justify mirror))
    )
    (fp_text value 100n (at 0 -1.65 270) (layer B.Fab)
      (effects (font (size 1 1) (thickness 0.15)) (justify mirror))
    )
    (fp_text user %R (at 0 0 270) (layer B.Fab)
      (effects (font (size 0.5 0.5) (thickness 0.08)) (justify mirror))
    )
    (fp_line (start 1.85 -0.95) (end -1.85 -0.95) (layer B.CrtYd) (width 0.05))
    (fp_line (start 1.85 0.95) (end 1.85 -0.95) (layer B.CrtYd) (width 0.05))
    (fp_line (start -1.85 0.95) (end 1.85 0.95) (layer B.CrtYd) (width 0.05))
    (fp_line (start -1.85 -0.95) (end -1.85 0.95) (layer B.CrtYd) (width 0.05))
    (fp_line (start -0.261252 -0.71) (end 0.261252 -0.71) (layer B.SilkS) (width 0.12))
    (fp_line (start -0.261252 0.71) (end 0.261252 0.71) (layer B.SilkS) (width 0.12))
    (fp_line (start 1 -0.6) (end -1 -0.6) (layer B.Fab) (width 0.1))
    (fp_line (start 1 0.6) (end 1 -0.6) (layer B.Fab) (width 0.1))
    (fp_line (start -1 0.6) (end 1 0.6) (layer B.Fab) (width 0.1))
    (fp_line (start -1 -0.6) (end -1 0.6) (layer B.Fab) (width 0.1))
    (pad 2 smd roundrect (at 1.025 0 90) (size 1.15 1.4) (layers B.Cu B.Paste B.Mask) (roundrect_rratio 0.217391)
      (net 1 GND))
    (pad 1 smd roundrect (at -1.025 0 90) (size 1.15 1.4) (layers B.Cu B.Paste B.Mask) (roundrect_rratio 0.217391)
      (net 2 +5V))
    (model ${KISYS3DMOD}/Capacitor_SMD.3dshapes/C_0805_2012Metric.wrl
      (at (xyz 0 0 0))
      (scale (xyz 1 1 1))
      (rotate (xyz 0 0 0))
    )
  )

  (module Capacitor_SMD:C_0805_2012Metric_Pad1.15x1.40mm_HandSolder (layer F.Cu) (tedit 5B36C52B) (tstamp 602AFB3E)
    (at 88 99.425 90)
    (descr "Capacitor SMD 0805 (2012 Metric), square (rectangular) end terminal, IPC_7351 nominal with elongated pad for handsoldering. (Body size source: https://docs.google.com/spreadsheets/d/1BsfQQcO9C6DZCsRaXUlFlo91Tg2WpOkGARC1WS5S8t0/edit?usp=sharing), generated with kicad-footprint-generator")
    (tags "capacitor handsolder")
    (path /607F1C35)
    (attr smd)
    (fp_text reference C2 (at 0 -1.65 90) (layer F.SilkS)
      (effects (font (size 1 1) (thickness 0.15)))
    )
    (fp_text value 1u (at 0 1.65 90) (layer F.Fab)
      (effects (font (size 1 1) (thickness 0.15)))
    )
    (fp_text user %R (at 0 0 90) (layer F.Fab)
      (effects (font (size 0.5 0.5) (thickness 0.08)))
    )
    (fp_line (start 1.85 0.95) (end -1.85 0.95) (layer F.CrtYd) (width 0.05))
    (fp_line (start 1.85 -0.95) (end 1.85 0.95) (layer F.CrtYd) (width 0.05))
    (fp_line (start -1.85 -0.95) (end 1.85 -0.95) (layer F.CrtYd) (width 0.05))
    (fp_line (start -1.85 0.95) (end -1.85 -0.95) (layer F.CrtYd) (width 0.05))
    (fp_line (start -0.261252 0.71) (end 0.261252 0.71) (layer F.SilkS) (width 0.12))
    (fp_line (start -0.261252 -0.71) (end 0.261252 -0.71) (layer F.SilkS) (width 0.12))
    (fp_line (start 1 0.6) (end -1 0.6) (layer F.Fab) (width 0.1))
    (fp_line (start 1 -0.6) (end 1 0.6) (layer F.Fab) (width 0.1))
    (fp_line (start -1 -0.6) (end 1 -0.6) (layer F.Fab) (width 0.1))
    (fp_line (start -1 0.6) (end -1 -0.6) (layer F.Fab) (width 0.1))
    (pad 2 smd roundrect (at 1.025 0 90) (size 1.15 1.4) (layers F.Cu F.Paste F.Mask) (roundrect_rratio 0.217391)
      (net 1 GND))
    (pad 1 smd roundrect (at -1.025 0 90) (size 1.15 1.4) (layers F.Cu F.Paste F.Mask) (roundrect_rratio 0.217391)
      (net 3 "Net-(C2-Pad1)"))
    (model ${KISYS3DMOD}/Capacitor_SMD.3dshapes/C_0805_2012Metric.wrl
      (at (xyz 0 0 0))
      (scale (xyz 1 1 1))
      (rotate (xyz 0 0 0))
    )
  )

  (module Capacitor_SMD:C_0805_2012Metric_Pad1.15x1.40mm_HandSolder (layer B.Cu) (tedit 5B36C52B) (tstamp 602A097C)
    (at 56.5 113.275 90)
    (descr "Capacitor SMD 0805 (2012 Metric), square (rectangular) end terminal, IPC_7351 nominal with elongated pad for handsoldering. (Body size source: https://docs.google.com/spreadsheets/d/1BsfQQcO9C6DZCsRaXUlFlo91Tg2WpOkGARC1WS5S8t0/edit?usp=sharing), generated with kicad-footprint-generator")
    (tags "capacitor handsolder")
    (path /60621B44)
    (attr smd)
    (fp_text reference C3 (at 0 1.65 90) (layer B.SilkS)
      (effects (font (size 1 1) (thickness 0.15)) (justify mirror))
    )
    (fp_text value 100n (at 0 -1.65 90) (layer B.Fab)
      (effects (font (size 1 1) (thickness 0.15)) (justify mirror))
    )
    (fp_text user %R (at 0 0 90) (layer B.Fab)
      (effects (font (size 0.5 0.5) (thickness 0.08)) (justify mirror))
    )
    (fp_line (start 1.85 -0.95) (end -1.85 -0.95) (layer B.CrtYd) (width 0.05))
    (fp_line (start 1.85 0.95) (end 1.85 -0.95) (layer B.CrtYd) (width 0.05))
    (fp_line (start -1.85 0.95) (end 1.85 0.95) (layer B.CrtYd) (width 0.05))
    (fp_line (start -1.85 -0.95) (end -1.85 0.95) (layer B.CrtYd) (width 0.05))
    (fp_line (start -0.261252 -0.71) (end 0.261252 -0.71) (layer B.SilkS) (width 0.12))
    (fp_line (start -0.261252 0.71) (end 0.261252 0.71) (layer B.SilkS) (width 0.12))
    (fp_line (start 1 -0.6) (end -1 -0.6) (layer B.Fab) (width 0.1))
    (fp_line (start 1 0.6) (end 1 -0.6) (layer B.Fab) (width 0.1))
    (fp_line (start -1 0.6) (end 1 0.6) (layer B.Fab) (width 0.1))
    (fp_line (start -1 -0.6) (end -1 0.6) (layer B.Fab) (width 0.1))
    (pad 2 smd roundrect (at 1.025 0 90) (size 1.15 1.4) (layers B.Cu B.Paste B.Mask) (roundrect_rratio 0.217391)
      (net 1 GND))
    (pad 1 smd roundrect (at -1.025 0 90) (size 1.15 1.4) (layers B.Cu B.Paste B.Mask) (roundrect_rratio 0.217391)
      (net 2 +5V))
    (model ${KISYS3DMOD}/Capacitor_SMD.3dshapes/C_0805_2012Metric.wrl
      (at (xyz 0 0 0))
      (scale (xyz 1 1 1))
      (rotate (xyz 0 0 0))
    )
  )

  (module Capacitor_SMD:C_0805_2012Metric_Pad1.15x1.40mm_HandSolder (layer F.Cu) (tedit 5B36C52B) (tstamp 6029D0D2)
    (at 106.5 92.375 270)
    (descr "Capacitor SMD 0805 (2012 Metric), square (rectangular) end terminal, IPC_7351 nominal with elongated pad for handsoldering. (Body size source: https://docs.google.com/spreadsheets/d/1BsfQQcO9C6DZCsRaXUlFlo91Tg2WpOkGARC1WS5S8t0/edit?usp=sharing), generated with kicad-footprint-generator")
    (tags "capacitor handsolder")
    (path /60622613)
    (attr smd)
    (fp_text reference C4 (at 0 -1.65 90) (layer F.SilkS)
      (effects (font (size 1 1) (thickness 0.15)))
    )
    (fp_text value 100n (at 0 1.65 90) (layer F.Fab)
      (effects (font (size 1 1) (thickness 0.15)))
    )
    (fp_line (start -1 0.6) (end -1 -0.6) (layer F.Fab) (width 0.1))
    (fp_line (start -1 -0.6) (end 1 -0.6) (layer F.Fab) (width 0.1))
    (fp_line (start 1 -0.6) (end 1 0.6) (layer F.Fab) (width 0.1))
    (fp_line (start 1 0.6) (end -1 0.6) (layer F.Fab) (width 0.1))
    (fp_line (start -0.261252 -0.71) (end 0.261252 -0.71) (layer F.SilkS) (width 0.12))
    (fp_line (start -0.261252 0.71) (end 0.261252 0.71) (layer F.SilkS) (width 0.12))
    (fp_line (start -1.85 0.95) (end -1.85 -0.95) (layer F.CrtYd) (width 0.05))
    (fp_line (start -1.85 -0.95) (end 1.85 -0.95) (layer F.CrtYd) (width 0.05))
    (fp_line (start 1.85 -0.95) (end 1.85 0.95) (layer F.CrtYd) (width 0.05))
    (fp_line (start 1.85 0.95) (end -1.85 0.95) (layer F.CrtYd) (width 0.05))
    (fp_text user %R (at 0 0 90) (layer F.Fab)
      (effects (font (size 0.5 0.5) (thickness 0.08)))
    )
    (pad 1 smd roundrect (at -1.025 0 270) (size 1.15 1.4) (layers F.Cu F.Paste F.Mask) (roundrect_rratio 0.217391)
      (net 2 +5V))
    (pad 2 smd roundrect (at 1.025 0 270) (size 1.15 1.4) (layers F.Cu F.Paste F.Mask) (roundrect_rratio 0.217391)
      (net 1 GND))
    (model ${KISYS3DMOD}/Capacitor_SMD.3dshapes/C_0805_2012Metric.wrl
      (at (xyz 0 0 0))
      (scale (xyz 1 1 1))
      (rotate (xyz 0 0 0))
    )
  )

  (module Capacitor_SMD:C_0805_2012Metric_Pad1.15x1.40mm_HandSolder (layer F.Cu) (tedit 5B36C52B) (tstamp 602AFB0E)
    (at 86.3 96.5 180)
    (descr "Capacitor SMD 0805 (2012 Metric), square (rectangular) end terminal, IPC_7351 nominal with elongated pad for handsoldering. (Body size source: https://docs.google.com/spreadsheets/d/1BsfQQcO9C6DZCsRaXUlFlo91Tg2WpOkGARC1WS5S8t0/edit?usp=sharing), generated with kicad-footprint-generator")
    (tags "capacitor handsolder")
    (path /602B5217)
    (attr smd)
    (fp_text reference C5 (at 0 -1.65) (layer F.SilkS)
      (effects (font (size 1 1) (thickness 0.15)))
    )
    (fp_text value 10n (at 0 1.65) (layer F.Fab)
      (effects (font (size 1 1) (thickness 0.15)))
    )
    (fp_text user %R (at 0 0) (layer F.Fab)
      (effects (font (size 0.5 0.5) (thickness 0.08)))
    )
    (fp_line (start 1.85 0.95) (end -1.85 0.95) (layer F.CrtYd) (width 0.05))
    (fp_line (start 1.85 -0.95) (end 1.85 0.95) (layer F.CrtYd) (width 0.05))
    (fp_line (start -1.85 -0.95) (end 1.85 -0.95) (layer F.CrtYd) (width 0.05))
    (fp_line (start -1.85 0.95) (end -1.85 -0.95) (layer F.CrtYd) (width 0.05))
    (fp_line (start -0.261252 0.71) (end 0.261252 0.71) (layer F.SilkS) (width 0.12))
    (fp_line (start -0.261252 -0.71) (end 0.261252 -0.71) (layer F.SilkS) (width 0.12))
    (fp_line (start 1 0.6) (end -1 0.6) (layer F.Fab) (width 0.1))
    (fp_line (start 1 -0.6) (end 1 0.6) (layer F.Fab) (width 0.1))
    (fp_line (start -1 -0.6) (end 1 -0.6) (layer F.Fab) (width 0.1))
    (fp_line (start -1 0.6) (end -1 -0.6) (layer F.Fab) (width 0.1))
    (pad 2 smd roundrect (at 1.025 0 180) (size 1.15 1.4) (layers F.Cu F.Paste F.Mask) (roundrect_rratio 0.217391)
      (net 1 GND))
    (pad 1 smd roundrect (at -1.025 0 180) (size 1.15 1.4) (layers F.Cu F.Paste F.Mask) (roundrect_rratio 0.217391)
      (net 2 +5V))
    (model ${KISYS3DMOD}/Capacitor_SMD.3dshapes/C_0805_2012Metric.wrl
      (at (xyz 0 0 0))
      (scale (xyz 1 1 1))
      (rotate (xyz 0 0 0))
    )
  )

  (module Capacitor_SMD:C_0805_2012Metric_Pad1.15x1.40mm_HandSolder (layer B.Cu) (tedit 5B36C52B) (tstamp 60299084)
    (at 95.25 113.525 90)
    (descr "Capacitor SMD 0805 (2012 Metric), square (rectangular) end terminal, IPC_7351 nominal with elongated pad for handsoldering. (Body size source: https://docs.google.com/spreadsheets/d/1BsfQQcO9C6DZCsRaXUlFlo91Tg2WpOkGARC1WS5S8t0/edit?usp=sharing), generated with kicad-footprint-generator")
    (tags "capacitor handsolder")
    (path /603B056E)
    (attr smd)
    (fp_text reference C7 (at 0 1.65 90) (layer B.SilkS)
      (effects (font (size 1 1) (thickness 0.15)) (justify mirror))
    )
    (fp_text value 100n (at 0 -1.65 90) (layer B.Fab)
      (effects (font (size 1 1) (thickness 0.15)) (justify mirror))
    )
    (fp_line (start -1 -0.6) (end -1 0.6) (layer B.Fab) (width 0.1))
    (fp_line (start -1 0.6) (end 1 0.6) (layer B.Fab) (width 0.1))
    (fp_line (start 1 0.6) (end 1 -0.6) (layer B.Fab) (width 0.1))
    (fp_line (start 1 -0.6) (end -1 -0.6) (layer B.Fab) (width 0.1))
    (fp_line (start -0.261252 0.71) (end 0.261252 0.71) (layer B.SilkS) (width 0.12))
    (fp_line (start -0.261252 -0.71) (end 0.261252 -0.71) (layer B.SilkS) (width 0.12))
    (fp_line (start -1.85 -0.95) (end -1.85 0.95) (layer B.CrtYd) (width 0.05))
    (fp_line (start -1.85 0.95) (end 1.85 0.95) (layer B.CrtYd) (width 0.05))
    (fp_line (start 1.85 0.95) (end 1.85 -0.95) (layer B.CrtYd) (width 0.05))
    (fp_line (start 1.85 -0.95) (end -1.85 -0.95) (layer B.CrtYd) (width 0.05))
    (fp_text user %R (at 0 0 90) (layer B.Fab)
      (effects (font (size 0.5 0.5) (thickness 0.08)) (justify mirror))
    )
    (pad 1 smd roundrect (at -1.025 0 90) (size 1.15 1.4) (layers B.Cu B.Paste B.Mask) (roundrect_rratio 0.217391)
      (net 2 +5V))
    (pad 2 smd roundrect (at 1.025 0 90) (size 1.15 1.4) (layers B.Cu B.Paste B.Mask) (roundrect_rratio 0.217391)
      (net 1 GND))
    (model ${KISYS3DMOD}/Capacitor_SMD.3dshapes/C_0805_2012Metric.wrl
      (at (xyz 0 0 0))
      (scale (xyz 1 1 1))
      (rotate (xyz 0 0 0))
    )
  )

  (module Capacitor_SMD:C_0805_2012Metric_Pad1.15x1.40mm_HandSolder (layer F.Cu) (tedit 5B36C52B) (tstamp 60299095)
    (at 65.3 92.375 270)
    (descr "Capacitor SMD 0805 (2012 Metric), square (rectangular) end terminal, IPC_7351 nominal with elongated pad for handsoldering. (Body size source: https://docs.google.com/spreadsheets/d/1BsfQQcO9C6DZCsRaXUlFlo91Tg2WpOkGARC1WS5S8t0/edit?usp=sharing), generated with kicad-footprint-generator")
    (tags "capacitor handsolder")
    (path /603C99D8)
    (attr smd)
    (fp_text reference C8 (at 0 -1.65 90) (layer F.SilkS)
      (effects (font (size 1 1) (thickness 0.15)))
    )
    (fp_text value 100n (at 0 1.65 90) (layer F.Fab)
      (effects (font (size 1 1) (thickness 0.15)))
    )
    (fp_line (start -1 0.6) (end -1 -0.6) (layer F.Fab) (width 0.1))
    (fp_line (start -1 -0.6) (end 1 -0.6) (layer F.Fab) (width 0.1))
    (fp_line (start 1 -0.6) (end 1 0.6) (layer F.Fab) (width 0.1))
    (fp_line (start 1 0.6) (end -1 0.6) (layer F.Fab) (width 0.1))
    (fp_line (start -0.261252 -0.71) (end 0.261252 -0.71) (layer F.SilkS) (width 0.12))
    (fp_line (start -0.261252 0.71) (end 0.261252 0.71) (layer F.SilkS) (width 0.12))
    (fp_line (start -1.85 0.95) (end -1.85 -0.95) (layer F.CrtYd) (width 0.05))
    (fp_line (start -1.85 -0.95) (end 1.85 -0.95) (layer F.CrtYd) (width 0.05))
    (fp_line (start 1.85 -0.95) (end 1.85 0.95) (layer F.CrtYd) (width 0.05))
    (fp_line (start 1.85 0.95) (end -1.85 0.95) (layer F.CrtYd) (width 0.05))
    (fp_text user %R (at 0 0 90) (layer F.Fab)
      (effects (font (size 0.5 0.5) (thickness 0.08)))
    )
    (pad 1 smd roundrect (at -1.025 0 270) (size 1.15 1.4) (layers F.Cu F.Paste F.Mask) (roundrect_rratio 0.217391)
      (net 2 +5V))
    (pad 2 smd roundrect (at 1.025 0 270) (size 1.15 1.4) (layers F.Cu F.Paste F.Mask) (roundrect_rratio 0.217391)
      (net 1 GND))
    (model ${KISYS3DMOD}/Capacitor_SMD.3dshapes/C_0805_2012Metric.wrl
      (at (xyz 0 0 0))
      (scale (xyz 1 1 1))
      (rotate (xyz 0 0 0))
    )
  )

  (module Capacitor_SMD:C_0805_2012Metric_Pad1.15x1.40mm_HandSolder (layer F.Cu) (tedit 5B36C52B) (tstamp 602AFB6E)
    (at 80.375 96.6 180)
    (descr "Capacitor SMD 0805 (2012 Metric), square (rectangular) end terminal, IPC_7351 nominal with elongated pad for handsoldering. (Body size source: https://docs.google.com/spreadsheets/d/1BsfQQcO9C6DZCsRaXUlFlo91Tg2WpOkGARC1WS5S8t0/edit?usp=sharing), generated with kicad-footprint-generator")
    (tags "capacitor handsolder")
    (path /603D3F8D)
    (attr smd)
    (fp_text reference C9 (at 0 -1.65) (layer F.SilkS)
      (effects (font (size 1 1) (thickness 0.15)))
    )
    (fp_text value 100n (at 0 1.65) (layer F.Fab)
      (effects (font (size 1 1) (thickness 0.15)))
    )
    (fp_line (start -1 0.6) (end -1 -0.6) (layer F.Fab) (width 0.1))
    (fp_line (start -1 -0.6) (end 1 -0.6) (layer F.Fab) (width 0.1))
    (fp_line (start 1 -0.6) (end 1 0.6) (layer F.Fab) (width 0.1))
    (fp_line (start 1 0.6) (end -1 0.6) (layer F.Fab) (width 0.1))
    (fp_line (start -0.261252 -0.71) (end 0.261252 -0.71) (layer F.SilkS) (width 0.12))
    (fp_line (start -0.261252 0.71) (end 0.261252 0.71) (layer F.SilkS) (width 0.12))
    (fp_line (start -1.85 0.95) (end -1.85 -0.95) (layer F.CrtYd) (width 0.05))
    (fp_line (start -1.85 -0.95) (end 1.85 -0.95) (layer F.CrtYd) (width 0.05))
    (fp_line (start 1.85 -0.95) (end 1.85 0.95) (layer F.CrtYd) (width 0.05))
    (fp_line (start 1.85 0.95) (end -1.85 0.95) (layer F.CrtYd) (width 0.05))
    (fp_text user %R (at 0 0) (layer F.Fab)
      (effects (font (size 0.5 0.5) (thickness 0.08)))
    )
    (pad 1 smd roundrect (at -1.025 0 180) (size 1.15 1.4) (layers F.Cu F.Paste F.Mask) (roundrect_rratio 0.217391)
      (net 2 +5V))
    (pad 2 smd roundrect (at 1.025 0 180) (size 1.15 1.4) (layers F.Cu F.Paste F.Mask) (roundrect_rratio 0.217391)
      (net 1 GND))
    (model ${KISYS3DMOD}/Capacitor_SMD.3dshapes/C_0805_2012Metric.wrl
      (at (xyz 0 0 0))
      (scale (xyz 1 1 1))
      (rotate (xyz 0 0 0))
    )
  )

  (module Capacitor_SMD:C_0805_2012Metric_Pad1.15x1.40mm_HandSolder (layer B.Cu) (tedit 5B36C52B) (tstamp 602990B7)
    (at 68.525 115.5 180)
    (descr "Capacitor SMD 0805 (2012 Metric), square (rectangular) end terminal, IPC_7351 nominal with elongated pad for handsoldering. (Body size source: https://docs.google.com/spreadsheets/d/1BsfQQcO9C6DZCsRaXUlFlo91Tg2WpOkGARC1WS5S8t0/edit?usp=sharing), generated with kicad-footprint-generator")
    (tags "capacitor handsolder")
    (path /603DC95A)
    (attr smd)
    (fp_text reference C10 (at 0 1.65) (layer B.SilkS)
      (effects (font (size 1 1) (thickness 0.15)) (justify mirror))
    )
    (fp_text value 100n (at 0 -1.65) (layer B.Fab)
      (effects (font (size 1 1) (thickness 0.15)) (justify mirror))
    )
    (fp_text user %R (at 0 0) (layer B.Fab)
      (effects (font (size 0.5 0.5) (thickness 0.08)) (justify mirror))
    )
    (fp_line (start 1.85 -0.95) (end -1.85 -0.95) (layer B.CrtYd) (width 0.05))
    (fp_line (start 1.85 0.95) (end 1.85 -0.95) (layer B.CrtYd) (width 0.05))
    (fp_line (start -1.85 0.95) (end 1.85 0.95) (layer B.CrtYd) (width 0.05))
    (fp_line (start -1.85 -0.95) (end -1.85 0.95) (layer B.CrtYd) (width 0.05))
    (fp_line (start -0.261252 -0.71) (end 0.261252 -0.71) (layer B.SilkS) (width 0.12))
    (fp_line (start -0.261252 0.71) (end 0.261252 0.71) (layer B.SilkS) (width 0.12))
    (fp_line (start 1 -0.6) (end -1 -0.6) (layer B.Fab) (width 0.1))
    (fp_line (start 1 0.6) (end 1 -0.6) (layer B.Fab) (width 0.1))
    (fp_line (start -1 0.6) (end 1 0.6) (layer B.Fab) (width 0.1))
    (fp_line (start -1 -0.6) (end -1 0.6) (layer B.Fab) (width 0.1))
    (pad 2 smd roundrect (at 1.025 0 180) (size 1.15 1.4) (layers B.Cu B.Paste B.Mask) (roundrect_rratio 0.217391)
      (net 1 GND))
    (pad 1 smd roundrect (at -1.025 0 180) (size 1.15 1.4) (layers B.Cu B.Paste B.Mask) (roundrect_rratio 0.217391)
      (net 2 +5V))
    (model ${KISYS3DMOD}/Capacitor_SMD.3dshapes/C_0805_2012Metric.wrl
      (at (xyz 0 0 0))
      (scale (xyz 1 1 1))
      (rotate (xyz 0 0 0))
    )
  )

  (module LED_THT:LED_D5.0mm locked (layer B.Cu) (tedit 5995936A) (tstamp 602990C9)
    (at 85.46 108)
    (descr "LED, diameter 5.0mm, 2 pins, http://cdn-reichelt.de/documents/datenblatt/A500/LL-504BC2E-009.pdf")
    (tags "LED diameter 5.0mm 2 pins")
    (path /602A7EA1)
    (fp_text reference D1 (at 1.27 3.96) (layer B.SilkS)
      (effects (font (size 1 1) (thickness 0.15)) (justify mirror))
    )
    (fp_text value LED (at 1.27 -3.96) (layer B.Fab)
      (effects (font (size 1 1) (thickness 0.15)) (justify mirror))
    )
    (fp_arc (start 1.27 0) (end -1.23 1.469694) (angle -299.1) (layer B.Fab) (width 0.1))
    (fp_arc (start 1.27 0) (end -1.29 1.54483) (angle -148.9) (layer B.SilkS) (width 0.12))
    (fp_arc (start 1.27 0) (end -1.29 -1.54483) (angle 148.9) (layer B.SilkS) (width 0.12))
    (fp_circle (center 1.27 0) (end 3.77 0) (layer B.Fab) (width 0.1))
    (fp_circle (center 1.27 0) (end 3.77 0) (layer B.SilkS) (width 0.12))
    (fp_line (start -1.23 1.469694) (end -1.23 -1.469694) (layer B.Fab) (width 0.1))
    (fp_line (start -1.29 1.545) (end -1.29 -1.545) (layer B.SilkS) (width 0.12))
    (fp_line (start -1.95 3.25) (end -1.95 -3.25) (layer B.CrtYd) (width 0.05))
    (fp_line (start -1.95 -3.25) (end 4.5 -3.25) (layer B.CrtYd) (width 0.05))
    (fp_line (start 4.5 -3.25) (end 4.5 3.25) (layer B.CrtYd) (width 0.05))
    (fp_line (start 4.5 3.25) (end -1.95 3.25) (layer B.CrtYd) (width 0.05))
    (fp_text user %R (at 1.25 0) (layer B.Fab)
      (effects (font (size 0.8 0.8) (thickness 0.2)) (justify mirror))
    )
    (pad 1 thru_hole rect (at 0 0) (size 1.8 1.8) (drill 0.9) (layers *.Cu *.Mask)
      (net 1 GND))
    (pad 2 thru_hole circle (at 2.54 0) (size 1.8 1.8) (drill 0.9) (layers *.Cu *.Mask)
      (net 4 "Net-(D1-Pad2)"))
    (model ${KISYS3DMOD}/LED_THT.3dshapes/LED_D5.0mm.wrl
      (at (xyz 0 0 0))
      (scale (xyz 1 1 1))
      (rotate (xyz 0 0 0))
    )
  )

  (module LED_THT:LED_D5.0mm locked (layer B.Cu) (tedit 5995936A) (tstamp 602990DB)
    (at 85.5 116)
    (descr "LED, diameter 5.0mm, 2 pins, http://cdn-reichelt.de/documents/datenblatt/A500/LL-504BC2E-009.pdf")
    (tags "LED diameter 5.0mm 2 pins")
    (path /602A9103)
    (fp_text reference D2 (at 1.27 3.96) (layer B.SilkS)
      (effects (font (size 1 1) (thickness 0.15)) (justify mirror))
    )
    (fp_text value LED (at 1.27 -3.96) (layer B.Fab)
      (effects (font (size 1 1) (thickness 0.15)) (justify mirror))
    )
    (fp_text user %R (at 1.25 0) (layer B.Fab)
      (effects (font (size 0.8 0.8) (thickness 0.2)) (justify mirror))
    )
    (fp_line (start 4.5 3.25) (end -1.95 3.25) (layer B.CrtYd) (width 0.05))
    (fp_line (start 4.5 -3.25) (end 4.5 3.25) (layer B.CrtYd) (width 0.05))
    (fp_line (start -1.95 -3.25) (end 4.5 -3.25) (layer B.CrtYd) (width 0.05))
    (fp_line (start -1.95 3.25) (end -1.95 -3.25) (layer B.CrtYd) (width 0.05))
    (fp_line (start -1.29 1.545) (end -1.29 -1.545) (layer B.SilkS) (width 0.12))
    (fp_line (start -1.23 1.469694) (end -1.23 -1.469694) (layer B.Fab) (width 0.1))
    (fp_circle (center 1.27 0) (end 3.77 0) (layer B.SilkS) (width 0.12))
    (fp_circle (center 1.27 0) (end 3.77 0) (layer B.Fab) (width 0.1))
    (fp_arc (start 1.27 0) (end -1.29 -1.54483) (angle 148.9) (layer B.SilkS) (width 0.12))
    (fp_arc (start 1.27 0) (end -1.29 1.54483) (angle -148.9) (layer B.SilkS) (width 0.12))
    (fp_arc (start 1.27 0) (end -1.23 1.469694) (angle -299.1) (layer B.Fab) (width 0.1))
    (pad 2 thru_hole circle (at 2.54 0) (size 1.8 1.8) (drill 0.9) (layers *.Cu *.Mask)
      (net 4 "Net-(D1-Pad2)"))
    (pad 1 thru_hole rect (at 0 0) (size 1.8 1.8) (drill 0.9) (layers *.Cu *.Mask)
      (net 1 GND))
    (model ${KISYS3DMOD}/LED_THT.3dshapes/LED_D5.0mm.wrl
      (at (xyz 0 0 0))
      (scale (xyz 1 1 1))
      (rotate (xyz 0 0 0))
    )
  )

  (module random_stuff:DIP-10_600_ELL locked (layer B.Cu) (tedit 0) (tstamp 602990F5)
    (at 113 110.4)
    (path /6036F5A5)
    (fp_text reference D3 (at -7.18 0 -90) (layer B.SilkS)
      (effects (font (size 1 1) (thickness 0.15)) (justify mirror))
    )
    (fp_text value SA56-11EWA (at 0 0) (layer B.Fab)
      (effects (font (size 1 1) (thickness 0.15)) (justify mirror))
    )
    (fp_line (start -5.93 -8.87) (end -5.93 8.87) (layer B.CrtYd) (width 0.05))
    (fp_line (start 5.93 -8.87) (end -5.93 -8.87) (layer B.CrtYd) (width 0.05))
    (fp_line (start 5.93 8.87) (end 5.93 -8.87) (layer B.CrtYd) (width 0.05))
    (fp_line (start -5.93 8.87) (end 5.93 8.87) (layer B.CrtYd) (width 0.05))
    (fp_line (start -6.18 -3.039999) (end -6.18 -9.12) (layer B.SilkS) (width 0.12))
    (fp_line (start -5.82 -3.039999) (end -6.18 -3.039999) (layer B.SilkS) (width 0.12))
    (fp_line (start -5.82 3.04) (end -5.82 -3.039999) (layer B.SilkS) (width 0.12))
    (fp_line (start -6.18 3.04) (end -5.82 3.04) (layer B.SilkS) (width 0.12))
    (fp_line (start -6.179999 9.12) (end -6.18 3.04) (layer B.SilkS) (width 0.12))
    (fp_line (start 6.18 9.12) (end -6.179999 9.12) (layer B.SilkS) (width 0.12))
    (fp_line (start 6.179999 -9.12) (end 6.18 9.12) (layer B.SilkS) (width 0.12))
    (fp_line (start -6.18 -9.12) (end 6.179999 -9.12) (layer B.SilkS) (width 0.12))
    (pad 5 thru_hole oval (at 5.08 -7.62) (size 1.2 2) (drill 0.8) (layers *.Cu *.Mask))
    (pad 6 thru_hole oval (at 5.08 7.62) (size 1.2 2) (drill 0.8) (layers *.Cu *.Mask)
      (net 5 "Net-(D3-Pad6)"))
    (pad 4 thru_hole oval (at 2.54 -7.62) (size 1.2 2) (drill 0.8) (layers *.Cu *.Mask)
      (net 6 "Net-(D3-Pad4)"))
    (pad 7 thru_hole oval (at 2.54 7.62) (size 1.2 2) (drill 0.8) (layers *.Cu *.Mask)
      (net 7 "Net-(D3-Pad7)"))
    (pad 3 thru_hole oval (at 0 -7.62) (size 1.2 2) (drill 0.8) (layers *.Cu *.Mask)
      (net 57 /2v))
    (pad 8 thru_hole oval (at 0 7.62) (size 1.2 2) (drill 0.8) (layers *.Cu *.Mask)
      (net 57 /2v))
    (pad 2 thru_hole oval (at -2.54 -7.62) (size 1.2 2) (drill 0.8) (layers *.Cu *.Mask)
      (net 8 "Net-(D3-Pad2)"))
    (pad 9 thru_hole oval (at -2.54 7.62) (size 1.2 2) (drill 0.8) (layers *.Cu *.Mask)
      (net 9 "Net-(D3-Pad9)"))
    (pad 1 thru_hole oval (at -5.08 -7.62) (size 1.2 2) (drill 0.8) (layers *.Cu *.Mask)
      (net 10 "Net-(D3-Pad1)"))
    (pad 10 thru_hole oval (at -5.08 7.62) (size 1.2 2) (drill 0.8) (layers *.Cu *.Mask)
      (net 11 "Net-(D3-Pad10)"))
  )

  (module random_stuff:DIP-10_600_ELL locked (layer B.Cu) (tedit 0) (tstamp 6029910F)
    (at 98 110.4)
    (path /603C99A1)
    (fp_text reference D4 (at -7.18 0 -90) (layer B.SilkS)
      (effects (font (size 1 1) (thickness 0.15)) (justify mirror))
    )
    (fp_text value SA56-11EWA (at 0 0) (layer B.Fab)
      (effects (font (size 1 1) (thickness 0.15)) (justify mirror))
    )
    (fp_line (start -5.93 -8.87) (end -5.93 8.87) (layer B.CrtYd) (width 0.05))
    (fp_line (start 5.93 -8.87) (end -5.93 -8.87) (layer B.CrtYd) (width 0.05))
    (fp_line (start 5.93 8.87) (end 5.93 -8.87) (layer B.CrtYd) (width 0.05))
    (fp_line (start -5.93 8.87) (end 5.93 8.87) (layer B.CrtYd) (width 0.05))
    (fp_line (start -6.18 -3.039999) (end -6.18 -9.12) (layer B.SilkS) (width 0.12))
    (fp_line (start -5.82 -3.039999) (end -6.18 -3.039999) (layer B.SilkS) (width 0.12))
    (fp_line (start -5.82 3.04) (end -5.82 -3.039999) (layer B.SilkS) (width 0.12))
    (fp_line (start -6.18 3.04) (end -5.82 3.04) (layer B.SilkS) (width 0.12))
    (fp_line (start -6.179999 9.12) (end -6.18 3.04) (layer B.SilkS) (width 0.12))
    (fp_line (start 6.18 9.12) (end -6.179999 9.12) (layer B.SilkS) (width 0.12))
    (fp_line (start 6.179999 -9.12) (end 6.18 9.12) (layer B.SilkS) (width 0.12))
    (fp_line (start -6.18 -9.12) (end 6.179999 -9.12) (layer B.SilkS) (width 0.12))
    (pad 5 thru_hole oval (at 5.08 -7.62) (size 1.2 2) (drill 0.8) (layers *.Cu *.Mask))
    (pad 6 thru_hole oval (at 5.08 7.62) (size 1.2 2) (drill 0.8) (layers *.Cu *.Mask)
      (net 12 "Net-(D4-Pad6)"))
    (pad 4 thru_hole oval (at 2.54 -7.62) (size 1.2 2) (drill 0.8) (layers *.Cu *.Mask)
      (net 13 "Net-(D4-Pad4)"))
    (pad 7 thru_hole oval (at 2.54 7.62) (size 1.2 2) (drill 0.8) (layers *.Cu *.Mask)
      (net 14 "Net-(D4-Pad7)"))
    (pad 3 thru_hole oval (at 0 -7.62) (size 1.2 2) (drill 0.8) (layers *.Cu *.Mask)
      (net 57 /2v))
    (pad 8 thru_hole oval (at 0 7.62) (size 1.2 2) (drill 0.8) (layers *.Cu *.Mask)
      (net 57 /2v))
    (pad 2 thru_hole oval (at -2.54 -7.62) (size 1.2 2) (drill 0.8) (layers *.Cu *.Mask)
      (net 15 "Net-(D4-Pad2)"))
    (pad 9 thru_hole oval (at -2.54 7.62) (size 1.2 2) (drill 0.8) (layers *.Cu *.Mask)
      (net 16 "Net-(D4-Pad9)"))
    (pad 1 thru_hole oval (at -5.08 -7.62) (size 1.2 2) (drill 0.8) (layers *.Cu *.Mask)
      (net 17 "Net-(D4-Pad1)"))
    (pad 10 thru_hole oval (at -5.08 7.62) (size 1.2 2) (drill 0.8) (layers *.Cu *.Mask)
      (net 18 "Net-(D4-Pad10)"))
  )

  (module random_stuff:DIP-10_600_ELL locked (layer B.Cu) (tedit 0) (tstamp 60299129)
    (at 75.5 110.4)
    (path /603D3F56)
    (fp_text reference D5 (at -7.18 0 -90) (layer B.SilkS)
      (effects (font (size 1 1) (thickness 0.15)) (justify mirror))
    )
    (fp_text value SA56-11EWA (at 0 0) (layer B.Fab)
      (effects (font (size 1 1) (thickness 0.15)) (justify mirror))
    )
    (fp_line (start -6.18 -9.12) (end 6.179999 -9.12) (layer B.SilkS) (width 0.12))
    (fp_line (start 6.179999 -9.12) (end 6.18 9.12) (layer B.SilkS) (width 0.12))
    (fp_line (start 6.18 9.12) (end -6.179999 9.12) (layer B.SilkS) (width 0.12))
    (fp_line (start -6.179999 9.12) (end -6.18 3.04) (layer B.SilkS) (width 0.12))
    (fp_line (start -6.18 3.04) (end -5.82 3.04) (layer B.SilkS) (width 0.12))
    (fp_line (start -5.82 3.04) (end -5.82 -3.039999) (layer B.SilkS) (width 0.12))
    (fp_line (start -5.82 -3.039999) (end -6.18 -3.039999) (layer B.SilkS) (width 0.12))
    (fp_line (start -6.18 -3.039999) (end -6.18 -9.12) (layer B.SilkS) (width 0.12))
    (fp_line (start -5.93 8.87) (end 5.93 8.87) (layer B.CrtYd) (width 0.05))
    (fp_line (start 5.93 8.87) (end 5.93 -8.87) (layer B.CrtYd) (width 0.05))
    (fp_line (start 5.93 -8.87) (end -5.93 -8.87) (layer B.CrtYd) (width 0.05))
    (fp_line (start -5.93 -8.87) (end -5.93 8.87) (layer B.CrtYd) (width 0.05))
    (pad 10 thru_hole oval (at -5.08 7.62) (size 1.2 2) (drill 0.8) (layers *.Cu *.Mask)
      (net 19 "Net-(D5-Pad10)"))
    (pad 1 thru_hole oval (at -5.08 -7.62) (size 1.2 2) (drill 0.8) (layers *.Cu *.Mask)
      (net 20 "Net-(D5-Pad1)"))
    (pad 9 thru_hole oval (at -2.54 7.62) (size 1.2 2) (drill 0.8) (layers *.Cu *.Mask)
      (net 21 "Net-(D5-Pad9)"))
    (pad 2 thru_hole oval (at -2.54 -7.62) (size 1.2 2) (drill 0.8) (layers *.Cu *.Mask)
      (net 22 "Net-(D5-Pad2)"))
    (pad 8 thru_hole oval (at 0 7.62) (size 1.2 2) (drill 0.8) (layers *.Cu *.Mask)
      (net 57 /2v))
    (pad 3 thru_hole oval (at 0 -7.62) (size 1.2 2) (drill 0.8) (layers *.Cu *.Mask)
      (net 57 /2v))
    (pad 7 thru_hole oval (at 2.54 7.62) (size 1.2 2) (drill 0.8) (layers *.Cu *.Mask)
      (net 23 "Net-(D5-Pad7)"))
    (pad 4 thru_hole oval (at 2.54 -7.62) (size 1.2 2) (drill 0.8) (layers *.Cu *.Mask)
      (net 24 "Net-(D5-Pad4)"))
    (pad 6 thru_hole oval (at 5.08 7.62) (size 1.2 2) (drill 0.8) (layers *.Cu *.Mask)
      (net 25 "Net-(D5-Pad6)"))
    (pad 5 thru_hole oval (at 5.08 -7.62) (size 1.2 2) (drill 0.8) (layers *.Cu *.Mask))
  )

  (module random_stuff:DIP-10_600_ELL locked (layer B.Cu) (tedit 0) (tstamp 60299143)
    (at 60.5 110.5)
    (path /603DC923)
    (fp_text reference D6 (at -7.18 0 -90) (layer B.SilkS)
      (effects (font (size 1 1) (thickness 0.15)) (justify mirror))
    )
    (fp_text value SA56-11EWA (at 0 0) (layer B.Fab)
      (effects (font (size 1 1) (thickness 0.15)) (justify mirror))
    )
    (fp_line (start -6.18 -9.12) (end 6.179999 -9.12) (layer B.SilkS) (width 0.12))
    (fp_line (start 6.179999 -9.12) (end 6.18 9.12) (layer B.SilkS) (width 0.12))
    (fp_line (start 6.18 9.12) (end -6.179999 9.12) (layer B.SilkS) (width 0.12))
    (fp_line (start -6.179999 9.12) (end -6.18 3.04) (layer B.SilkS) (width 0.12))
    (fp_line (start -6.18 3.04) (end -5.82 3.04) (layer B.SilkS) (width 0.12))
    (fp_line (start -5.82 3.04) (end -5.82 -3.039999) (layer B.SilkS) (width 0.12))
    (fp_line (start -5.82 -3.039999) (end -6.18 -3.039999) (layer B.SilkS) (width 0.12))
    (fp_line (start -6.18 -3.039999) (end -6.18 -9.12) (layer B.SilkS) (width 0.12))
    (fp_line (start -5.93 8.87) (end 5.93 8.87) (layer B.CrtYd) (width 0.05))
    (fp_line (start 5.93 8.87) (end 5.93 -8.87) (layer B.CrtYd) (width 0.05))
    (fp_line (start 5.93 -8.87) (end -5.93 -8.87) (layer B.CrtYd) (width 0.05))
    (fp_line (start -5.93 -8.87) (end -5.93 8.87) (layer B.CrtYd) (width 0.05))
    (pad 10 thru_hole oval (at -5.08 7.62) (size 1.2 2) (drill 0.8) (layers *.Cu *.Mask)
      (net 26 "Net-(D6-Pad10)"))
    (pad 1 thru_hole oval (at -5.08 -7.62) (size 1.2 2) (drill 0.8) (layers *.Cu *.Mask)
      (net 27 "Net-(D6-Pad1)"))
    (pad 9 thru_hole oval (at -2.54 7.62) (size 1.2 2) (drill 0.8) (layers *.Cu *.Mask)
      (net 28 "Net-(D6-Pad9)"))
    (pad 2 thru_hole oval (at -2.54 -7.62) (size 1.2 2) (drill 0.8) (layers *.Cu *.Mask)
      (net 29 "Net-(D6-Pad2)"))
    (pad 8 thru_hole oval (at 0 7.62) (size 1.2 2) (drill 0.8) (layers *.Cu *.Mask)
      (net 57 /2v))
    (pad 3 thru_hole oval (at 0 -7.62) (size 1.2 2) (drill 0.8) (layers *.Cu *.Mask)
      (net 57 /2v))
    (pad 7 thru_hole oval (at 2.54 7.62) (size 1.2 2) (drill 0.8) (layers *.Cu *.Mask)
      (net 30 "Net-(D6-Pad7)"))
    (pad 4 thru_hole oval (at 2.54 -7.62) (size 1.2 2) (drill 0.8) (layers *.Cu *.Mask)
      (net 31 "Net-(D6-Pad4)"))
    (pad 6 thru_hole oval (at 5.08 7.62) (size 1.2 2) (drill 0.8) (layers *.Cu *.Mask)
      (net 32 "Net-(D6-Pad6)"))
    (pad 5 thru_hole oval (at 5.08 -7.62) (size 1.2 2) (drill 0.8) (layers *.Cu *.Mask))
  )

  (module Connector_USB:USB_B_OST_USB-B1HSxx_Horizontal (layer B.Cu) (tedit 5AFE01FF) (tstamp 60299160)
    (at 61.5 91.1 180)
    (descr "USB B receptacle, Horizontal, through-hole, http://www.on-shore.com/wp-content/uploads/2015/09/usb-b1hsxx.pdf")
    (tags "USB-B receptacle horizontal through-hole")
    (path /6029C5DE)
    (fp_text reference J1 (at 6.76 7.77) (layer B.SilkS)
      (effects (font (size 1 1) (thickness 0.15)) (justify mirror))
    )
    (fp_text value USB_B (at 6.76 -10.27) (layer B.Fab)
      (effects (font (size 1 1) (thickness 0.15)) (justify mirror))
    )
    (fp_line (start -0.49 4.8) (end 15.01 4.8) (layer B.Fab) (width 0.1))
    (fp_line (start 15.01 4.8) (end 15.01 -7.3) (layer B.Fab) (width 0.1))
    (fp_line (start 15.01 -7.3) (end -1.49 -7.3) (layer B.Fab) (width 0.1))
    (fp_line (start -1.49 -7.3) (end -1.49 3.8) (layer B.Fab) (width 0.1))
    (fp_line (start -1.49 3.8) (end -0.49 4.8) (layer B.Fab) (width 0.1))
    (fp_line (start 2.66 4.91) (end -1.6 4.91) (layer B.SilkS) (width 0.12))
    (fp_line (start -1.6 4.91) (end -1.6 -7.41) (layer B.SilkS) (width 0.12))
    (fp_line (start -1.6 -7.41) (end 2.66 -7.41) (layer B.SilkS) (width 0.12))
    (fp_line (start 6.76 4.91) (end 15.12 4.91) (layer B.SilkS) (width 0.12))
    (fp_line (start 15.12 4.91) (end 15.12 -7.41) (layer B.SilkS) (width 0.12))
    (fp_line (start 15.12 -7.41) (end 6.76 -7.41) (layer B.SilkS) (width 0.12))
