(kicad_pcb (version 20171130) (host pcbnew "(5.1.5)-3")

  (general
    (thickness 1.6)
    (drawings 0)
    (tracks 46)
    (zones 0)
    (modules 42)
    (nets 53)
  )

  (page A4)
  (layers
    (0 F.Cu signal)
    (31 B.Cu signal)
    (32 B.Adhes user)
    (33 F.Adhes user)
    (34 B.Paste user)
    (35 F.Paste user)
    (36 B.SilkS user)
    (37 F.SilkS user)
    (38 B.Mask user)
    (39 F.Mask user)
    (40 Dwgs.User user)
    (41 Cmts.User user)
    (42 Eco1.User user)
    (43 Eco2.User user)
    (44 Edge.Cuts user)
    (45 Margin user)
    (46 B.CrtYd user)
    (47 F.CrtYd user)
    (48 B.Fab user)
    (49 F.Fab user)
  )

  (setup
    (last_trace_width 0.3)
    (trace_clearance 0.2)
    (zone_clearance 0.508)
    (zone_45_only no)
    (trace_min 0.2)
    (via_size 0.8)
    (via_drill 0.4)
    (via_min_size 0.4)
    (via_min_drill 0.3)
    (uvia_size 0.3)
    (uvia_drill 0.1)
    (uvias_allowed no)
    (uvia_min_size 0.2)
    (uvia_min_drill 0.1)
    (edge_width 0.05)
    (segment_width 0.2)
    (pcb_text_width 0.3)
    (pcb_text_size 1.5 1.5)
    (mod_edge_width 0.12)
    (mod_text_size 1 1)
    (mod_text_width 0.15)
    (pad_size 1.524 1.524)
    (pad_drill 0.762)
    (pad_to_mask_clearance 0.051)
    (solder_mask_min_width 0.25)
    (aux_axis_origin 0 0)
    (visible_elements 7FFFFFFF)
    (pcbplotparams
      (layerselection 0x00000_7fffffff)
      (usegerberextensions false)
      (usegerberattributes false)
      (usegerberadvancedattributes false)
      (creategerberjobfile false)
      (excludeedgelayer true)
      (linewidth 0.100000)
      (plotframeref false)
      (viasonmask false)
      (mode 1)
      (useauxorigin false)
      (hpglpennumber 1)
      (hpglpenspeed 20)
      (hpglpendiameter 15.000000)
      (psnegative false)
      (psa4output false)
      (plotreference true)
      (plotvalue true)
      (plotinvisibletext false)
      (padsonsilk false)
      (subtractmaskfromsilk false)
      (outputformat 4)
      (mirror false)
      (drillshape 1)
      (scaleselection 1)
      (outputdirectory ""))
  )

  (net 0 "")
  (net 1 GND)
  (net 2 +5V)
  (net 3 "Net-(C2-Pad1)")
  (net 4 "Net-(D3-Pad6)")
  (net 5 "Net-(D3-Pad4)")
  (net 6 "Net-(D3-Pad7)")
  (net 7 "Net-(D3-Pad2)")
  (net 8 "Net-(D3-Pad9)")
  (net 9 "Net-(D3-Pad1)")
  (net 10 "Net-(D3-Pad10)")
  (net 11 "Net-(D4-Pad6)")
  (net 12 "Net-(D4-Pad4)")
  (net 13 "Net-(D4-Pad7)")
  (net 14 "Net-(D4-Pad2)")
  (net 15 "Net-(D4-Pad9)")
  (net 16 "Net-(D4-Pad1)")
  (net 17 "Net-(D4-Pad10)")
  (net 18 "Net-(D5-Pad10)")
  (net 19 "Net-(D5-Pad1)")
  (net 20 "Net-(D5-Pad9)")
  (net 21 "Net-(D5-Pad2)")
  (net 22 "Net-(D5-Pad7)")
  (net 23 "Net-(D5-Pad4)")
  (net 24 "Net-(D5-Pad6)")
  (net 25 "Net-(D6-Pad10)")
  (net 26 "Net-(D6-Pad1)")
  (net 27 "Net-(D6-Pad9)")
  (net 28 "Net-(D6-Pad2)")
  (net 29 "Net-(D6-Pad7)")
  (net 30 "Net-(D6-Pad4)")
  (net 31 "Net-(D6-Pad6)")
  (net 32 "Net-(R1-Pad2)")
  (net 33 "Net-(R2-Pad2)")
  (net 34 "Net-(R3-Pad2)")
  (net 35 "Net-(R4-Pad2)")
  (net 36 "Net-(U1-Pad4)")
  (net 37 "Net-(U2-Pad9)")
  (net 38 "Net-(C11-Pad1)")
  (net 39 /2v)
  (net 40 "Net-(D7-Pad1)")
  (net 41 "Net-(R7-Pad1)")
  (net 42 "Net-(R8-Pad1)")
  (net 43 "Net-(D1-Pad1)")
  (net 44 "Net-(F1-Pad1)")
  (net 45 "Net-(F1-Pad2)")
  (net 46 "Net-(J2-Pad1)")
  (net 47 "Net-(J2-Pad2)")
  (net 48 "Net-(J2-Pad3)")
  (net 49 "Net-(J2-Pad4)")
  (net 50 "Net-(J2-Pad7)")
  (net 51 "Net-(U3-Pad9)")
  (net 52 "Net-(U4-Pad9)")

  (net_class Default "This is the default net class."
    (clearance 0.2)
    (trace_width 0.3)
    (via_dia 0.8)
    (via_drill 0.4)
    (uvia_dia 0.3)
    (uvia_drill 0.1)
    (add_net +5V)
    (add_net /2v)
    (add_net GND)
    (add_net "Net-(C11-Pad1)")
    (add_net "Net-(C2-Pad1)")
    (add_net "Net-(D1-Pad1)")
    (add_net "Net-(D3-Pad1)")
    (add_net "Net-(D3-Pad10)")
    (add_net "Net-(D3-Pad2)")
    (add_net "Net-(D3-Pad4)")
    (add_net "Net-(D3-Pad6)")
    (add_net "Net-(D3-Pad7)")
    (add_net "Net-(D3-Pad9)")
    (add_net "Net-(D4-Pad1)")
    (add_net "Net-(D4-Pad10)")
    (add_net "Net-(D4-Pad2)")
    (add_net "Net-(D4-Pad4)")
    (add_net "Net-(D4-Pad6)")
    (add_net "Net-(D4-Pad7)")
    (add_net "Net-(D4-Pad9)")
    (add_net "Net-(D5-Pad1)")
    (add_net "Net-(D5-Pad10)")
    (add_net "Net-(D5-Pad2)")
    (add_net "Net-(D5-Pad4)")
    (add_net "Net-(D5-Pad6)")
    (add_net "Net-(D5-Pad7)")
    (add_net "Net-(D5-Pad9)")
    (add_net "Net-(D6-Pad1)")
    (add_net "Net-(D6-Pad10)")
    (add_net "Net-(D6-Pad2)")
    (add_net "Net-(D6-Pad4)")
    (add_net "Net-(D6-Pad6)")
    (add_net "Net-(D6-Pad7)")
    (add_net "Net-(D6-Pad9)")
    (add_net "Net-(D7-Pad1)")
    (add_net "Net-(F1-Pad1)")
    (add_net "Net-(F1-Pad2)")
    (add_net "Net-(J2-Pad1)")
    (add_net "Net-(J2-Pad2)")
    (add_net "Net-(J2-Pad3)")
    (add_net "Net-(J2-Pad4)")
    (add_net "Net-(J2-Pad7)")
    (add_net "Net-(R1-Pad2)")
    (add_net "Net-(R2-Pad2)")
    (add_net "Net-(R3-Pad2)")
    (add_net "Net-(R4-Pad2)")
    (add_net "Net-(R7-Pad1)")
    (add_net "Net-(R8-Pad1)")
    (add_net "Net-(U1-Pad4)")
    (add_net "Net-(U2-Pad9)")
    (add_net "Net-(U3-Pad9)")
    (add_net "Net-(U4-Pad9)")
  )

  (module LED_THT:LED_D5.0mm locked (layer B.Cu) (tedit 5995936A) (tstamp 602990C9)
    (at 85.46 108)
    (descr "LED, diameter 5.0mm, 2 pins, http://cdn-reichelt.de/documents/datenblatt/A500/LL-504BC2E-009.pdf")
    (tags "LED diameter 5.0mm 2 pins")
    (path /602A7EA1)
    (fp_text reference D1 (at 1.27 3.96) (layer B.SilkS)
      (effects (font (size 1 1) (thickness 0.15)) (justify mirror))
    )
    (fp_text value LED (at 1.27 -3.96) (layer B.Fab)
      (effects (font (size 1 1) (thickness 0.15)) (justify mirror))
    )
    (fp_arc (start 1.27 0) (end -1.23 1.469694) (angle -299.1) (layer B.Fab) (width 0.1))
    (fp_arc (start 1.27 0) (end -1.29 1.54483) (angle -148.9) (layer B.SilkS) (width 0.12))
    (fp_arc (start 1.27 0) (end -1.29 -1.54483) (angle 148.9) (layer B.SilkS) (width 0.12))
    (fp_circle (center 1.27 0) (end 3.77 0) (layer B.Fab) (width 0.1))
    (fp_circle (center 1.27 0) (end 3.77 0) (layer B.SilkS) (width 0.12))
    (fp_line (start -1.23 1.469694) (end -1.23 -1.469694) (layer B.Fab) (width 0.1))
    (fp_line (start -1.29 1.545) (end -1.29 -1.545) (layer B.SilkS) (width 0.12))
    (fp_line (start -1.95 3.25) (end -1.95 -3.25) (layer B.CrtYd) (width 0.05))
    (fp_line (start -1.95 -3.25) (end 4.5 -3.25) (layer B.CrtYd) (width 0.05))
    (fp_line (start 4.5 -3.25) (end 4.5 3.25) (layer B.CrtYd) (width 0.05))
    (fp_line (start 4.5 3.25) (end -1.95 3.25) (layer B.CrtYd) (width 0.05))
    (fp_text user %R (at 1.25 0) (layer B.Fab)
      (effects (font (size 0.8 0.8) (thickness 0.2)) (justify mirror))
    )
    (pad 1 thru_hole rect (at 0 0) (size 1.8 1.8) (drill 0.9) (layers *.Cu *.Mask)
      (net 43 "Net-(D1-Pad1)"))
    (pad 2 thru_hole circle (at 2.54 0) (size 1.8 1.8) (drill 0.9) (layers *.Cu *.Mask)
      (net 39 /2v))
    (model ${KISYS3DMOD}/LED_THT.3dshapes/LED_D5.0mm.wrl
      (at (xyz 0 0 0))
      (scale (xyz 1 1 1))
      (rotate (xyz 0 0 0))
    )
  )

  (module LED_THT:LED_D5.0mm locked (layer B.Cu) (tedit 5995936A) (tstamp 602990DB)
    (at 85.5 116)
    (descr "LED, diameter 5.0mm, 2 pins, http://cdn-reichelt.de/documents/datenblatt/A500/LL-504BC2E-009.pdf")
    (tags "LED diameter 5.0mm 2 pins")
    (path /602A9103)
    (fp_text reference D2 (at 1.27 3.96) (layer B.SilkS)
      (effects (font (size 1 1) (thickness 0.15)) (justify mirror))
    )
    (fp_text value LED (at 1.27 -3.96) (layer B.Fab)
      (effects (font (size 1 1) (thickness 0.15)) (justify mirror))
    )
    (fp_text user %R (at 1.25 0) (layer B.Fab)
      (effects (font (size 0.8 0.8) (thickness 0.2)) (justify mirror))
    )
    (fp_line (start 4.5 3.25) (end -1.95 3.25) (layer B.CrtYd) (width 0.05))
    (fp_line (start 4.5 -3.25) (end 4.5 3.25) (layer B.CrtYd) (width 0.05))
    (fp_line (start -1.95 -3.25) (end 4.5 -3.25) (layer B.CrtYd) (width 0.05))
    (fp_line (start -1.95 3.25) (end -1.95 -3.25) (layer B.CrtYd) (width 0.05))
    (fp_line (start -1.29 1.545) (end -1.29 -1.545) (layer B.SilkS) (width 0.12))
    (fp_line (start -1.23 1.469694) (end -1.23 -1.469694) (layer B.Fab) (width 0.1))
    (fp_circle (center 1.27 0) (end 3.77 0) (layer B.SilkS) (width 0.12))
    (fp_circle (center 1.27 0) (end 3.77 0) (layer B.Fab) (width 0.1))
    (fp_arc (start 1.27 0) (end -1.29 -1.54483) (angle 148.9) (layer B.SilkS) (width 0.12))
    (fp_arc (start 1.27 0) (end -1.29 1.54483) (angle -148.9) (layer B.SilkS) (width 0.12))
    (fp_arc (start 1.27 0) (end -1.23 1.469694) (angle -299.1) (layer B.Fab) (width 0.1))
    (pad 2 thru_hole circle (at 2.54 0) (size 1.8 1.8) (drill 0.9) (layers *.Cu *.Mask)
      (net 39 /2v))
    (pad 1 thru_hole rect (at 0 0) (size 1.8 1.8) (drill 0.9) (layers *.Cu *.Mask)
      (net 43 "Net-(D1-Pad1)"))
    (model ${KISYS3DMOD}/LED_THT.3dshapes/LED_D5.0mm.wrl
      (at (xyz 0 0 0))
      (scale (xyz 1 1 1))
      (rotate (xyz 0 0 0))
    )
  )

  (module random_stuff:DIP-10_600_ELL locked (layer B.Cu) (tedit 0) (tstamp 602990F5)
    (at 110.5 111)
    (path /6036F5A5)
    (fp_text reference D3 (at -7.18 0 -90) (layer B.SilkS)
      (effects (font (size 1 1) (thickness 0.15)) (justify mirror))
    )
    (fp_text value SA56-11EWA (at 0 0) (layer B.Fab)
      (effects (font (size 1 1) (thickness 0.15)) (justify mirror))
    )
    (fp_line (start -5.93 -8.87) (end -5.93 8.87) (layer B.CrtYd) (width 0.05))
    (fp_line (start 5.93 -8.87) (end -5.93 -8.87) (layer B.CrtYd) (width 0.05))
    (fp_line (start 5.93 8.87) (end 5.93 -8.87) (layer B.CrtYd) (width 0.05))
    (fp_line (start -5.93 8.87) (end 5.93 8.87) (layer B.CrtYd) (width 0.05))
    (fp_line (start -6.18 -3.039999) (end -6.18 -9.12) (layer B.SilkS) (width 0.12))
    (fp_line (start -5.82 -3.039999) (end -6.18 -3.039999) (layer B.SilkS) (width 0.12))
    (fp_line (start -5.82 3.04) (end -5.82 -3.039999) (layer B.SilkS) (width 0.12))
    (fp_line (start -6.18 3.04) (end -5.82 3.04) (layer B.SilkS) (width 0.12))
    (fp_line (start -6.179999 9.12) (end -6.18 3.04) (layer B.SilkS) (width 0.12))
    (fp_line (start 6.18 9.12) (end -6.179999 9.12) (layer B.SilkS) (width 0.12))
    (fp_line (start 6.179999 -9.12) (end 6.18 9.12) (layer B.SilkS) (width 0.12))
    (fp_line (start -6.18 -9.12) (end 6.179999 -9.12) (layer B.SilkS) (width 0.12))
    (pad 5 thru_hole oval (at 5.08 -7.62) (size 1.2 2) (drill 0.8) (layers *.Cu *.Mask))
    (pad 6 thru_hole oval (at 5.08 7.62) (size 1.2 2) (drill 0.8) (layers *.Cu *.Mask)
      (net 4 "Net-(D3-Pad6)"))
    (pad 4 thru_hole oval (at 2.54 -7.62) (size 1.2 2) (drill 0.8) (layers *.Cu *.Mask)
      (net 5 "Net-(D3-Pad4)"))
    (pad 7 thru_hole oval (at 2.54 7.62) (size 1.2 2) (drill 0.8) (layers *.Cu *.Mask)
      (net 6 "Net-(D3-Pad7)"))
    (pad 3 thru_hole oval (at 0 -7.62) (size 1.2 2) (drill 0.8) (layers *.Cu *.Mask)
      (net 39 /2v))
    (pad 8 thru_hole oval (at 0 7.62) (size 1.2 2) (drill 0.8) (layers *.Cu *.Mask)
      (net 39 /2v))
    (pad 2 thru_hole oval (at -2.54 -7.62) (size 1.2 2) (drill 0.8) (layers *.Cu *.Mask)
      (net 7 "Net-(D3-Pad2)"))
    (pad 9 thru_hole oval (at -2.54 7.62) (size 1.2 2) (drill 0.8) (layers *.Cu *.Mask)
      (net 8 "Net-(D3-Pad9)"))
    (pad 1 thru_hole oval (at -5.08 -7.62) (size 1.2 2) (drill 0.8) (layers *.Cu *.Mask)
      (net 9 "Net-(D3-Pad1)"))
    (pad 10 thru_hole oval (at -5.08 7.62) (size 1.2 2) (drill 0.8) (layers *.Cu *.Mask)
      (net 10 "Net-(D3-Pad10)"))
  )

  (module Capacitor_SMD:C_0805_2012Metric_Pad1.15x1.40mm_HandSolder (layer F.Cu) (tedit 5B36C52B) (tstamp 6044E25A)
    (at 148.765001 42.355001)
    (descr "Capacitor SMD 0805 (2012 Metric), square (rectangular) end terminal, IPC_7351 nominal with elongated pad for handsoldering. (Body size source: https://docs.google.com/spreadsheets/d/1BsfQQcO9C6DZCsRaXUlFlo91Tg2WpOkGARC1WS5S8t0/edit?usp=sharing), generated with kicad-footprint-generator")
    (tags "capacitor handsolder")
    (path /60620DC5)
    (attr smd)
    (fp_text reference C1 (at 0 -1.65) (layer F.SilkS)
      (effects (font (size 1 1) (thickness 0.15)))
    )
    (fp_text value 100n (at 0 1.65) (layer F.Fab)
      (effects (font (size 1 1) (thickness 0.15)))
    )
    (fp_line (start -1 0.6) (end -1 -0.6) (layer F.Fab) (width 0.1))
    (fp_line (start -1 -0.6) (end 1 -0.6) (layer F.Fab) (width 0.1))
    (fp_line (start 1 -0.6) (end 1 0.6) (layer F.Fab) (width 0.1))
    (fp_line (start 1 0.6) (end -1 0.6) (layer F.Fab) (width 0.1))
    (fp_line (start -0.261252 -0.71) (end 0.261252 -0.71) (layer F.SilkS) (width 0.12))
    (fp_line (start -0.261252 0.71) (end 0.261252 0.71) (layer F.SilkS) (width 0.12))
    (fp_line (start -1.85 0.95) (end -1.85 -0.95) (layer F.CrtYd) (width 0.05))
    (fp_line (start -1.85 -0.95) (end 1.85 -0.95) (layer F.CrtYd) (width 0.05))
    (fp_line (start 1.85 -0.95) (end 1.85 0.95) (layer F.CrtYd) (width 0.05))
    (fp_line (start 1.85 0.95) (end -1.85 0.95) (layer F.CrtYd) (width 0.05))
    (fp_text user %R (at 0 0) (layer F.Fab)
      (effects (font (size 0.5 0.5) (thickness 0.08)))
    )
    (pad 1 smd roundrect (at -1.025 0) (size 1.15 1.4) (layers F.Cu F.Paste F.Mask) (roundrect_rratio 0.217391)
      (net 2 +5V))
    (pad 2 smd roundrect (at 1.025 0) (size 1.15 1.4) (layers F.Cu F.Paste F.Mask) (roundrect_rratio 0.217391)
      (net 1 GND))
    (model ${KISYS3DMOD}/Capacitor_SMD.3dshapes/C_0805_2012Metric.wrl
      (at (xyz 0 0 0))
      (scale (xyz 1 1 1))
      (rotate (xyz 0 0 0))
    )
  )

  (module Capacitor_SMD:C_0805_2012Metric_Pad1.15x1.40mm_HandSolder (layer F.Cu) (tedit 5B36C52B) (tstamp 6044E26B)
    (at 137.635001 59.555001)
    (descr "Capacitor SMD 0805 (2012 Metric), square (rectangular) end terminal, IPC_7351 nominal with elongated pad for handsoldering. (Body size source: https://docs.google.com/spreadsheets/d/1BsfQQcO9C6DZCsRaXUlFlo91Tg2WpOkGARC1WS5S8t0/edit?usp=sharing), generated with kicad-footprint-generator")
    (tags "capacitor handsolder")
    (path /607F1C35)
    (attr smd)
    (fp_text reference C2 (at 0 -1.65) (layer F.SilkS)
      (effects (font (size 1 1) (thickness 0.15)))
    )
    (fp_text value 1u (at 0 1.65) (layer F.Fab)
      (effects (font (size 1 1) (thickness 0.15)))
    )
    (fp_text user %R (at 0 0) (layer F.Fab)
      (effects (font (size 0.5 0.5) (thickness 0.08)))
    )
    (fp_line (start 1.85 0.95) (end -1.85 0.95) (layer F.CrtYd) (width 0.05))
    (fp_line (start 1.85 -0.95) (end 1.85 0.95) (layer F.CrtYd) (width 0.05))
    (fp_line (start -1.85 -0.95) (end 1.85 -0.95) (layer F.CrtYd) (width 0.05))
    (fp_line (start -1.85 0.95) (end -1.85 -0.95) (layer F.CrtYd) (width 0.05))
    (fp_line (start -0.261252 0.71) (end 0.261252 0.71) (layer F.SilkS) (width 0.12))
    (fp_line (start -0.261252 -0.71) (end 0.261252 -0.71) (layer F.SilkS) (width 0.12))
    (fp_line (start 1 0.6) (end -1 0.6) (layer F.Fab) (width 0.1))
    (fp_line (start 1 -0.6) (end 1 0.6) (layer F.Fab) (width 0.1))
    (fp_line (start -1 -0.6) (end 1 -0.6) (layer F.Fab) (width 0.1))
    (fp_line (start -1 0.6) (end -1 -0.6) (layer F.Fab) (width 0.1))
    (pad 2 smd roundrect (at 1.025 0) (size 1.15 1.4) (layers F.Cu F.Paste F.Mask) (roundrect_rratio 0.217391)
      (net 1 GND))
    (pad 1 smd roundrect (at -1.025 0) (size 1.15 1.4) (layers F.Cu F.Paste F.Mask) (roundrect_rratio 0.217391)
      (net 3 "Net-(C2-Pad1)"))
    (model ${KISYS3DMOD}/Capacitor_SMD.3dshapes/C_0805_2012Metric.wrl
      (at (xyz 0 0 0))
      (scale (xyz 1 1 1))
      (rotate (xyz 0 0 0))
    )
  )

  (module Capacitor_SMD:C_0805_2012Metric_Pad1.15x1.40mm_HandSolder (layer F.Cu) (tedit 5B36C52B) (tstamp 6044E27C)
    (at 137.635001 62.505001)
    (descr "Capacitor SMD 0805 (2012 Metric), square (rectangular) end terminal, IPC_7351 nominal with elongated pad for handsoldering. (Body size source: https://docs.google.com/spreadsheets/d/1BsfQQcO9C6DZCsRaXUlFlo91Tg2WpOkGARC1WS5S8t0/edit?usp=sharing), generated with kicad-footprint-generator")
    (tags "capacitor handsolder")
    (path /6060E9E4)
    (attr smd)
    (fp_text reference C3 (at 0 -1.65) (layer F.SilkS)
      (effects (font (size 1 1) (thickness 0.15)))
    )
    (fp_text value 100n (at 0 1.65) (layer F.Fab)
      (effects (font (size 1 1) (thickness 0.15)))
    )
    (fp_text user %R (at 0 0) (layer F.Fab)
      (effects (font (size 0.5 0.5) (thickness 0.08)))
    )
    (fp_line (start 1.85 0.95) (end -1.85 0.95) (layer F.CrtYd) (width 0.05))
    (fp_line (start 1.85 -0.95) (end 1.85 0.95) (layer F.CrtYd) (width 0.05))
    (fp_line (start -1.85 -0.95) (end 1.85 -0.95) (layer F.CrtYd) (width 0.05))
    (fp_line (start -1.85 0.95) (end -1.85 -0.95) (layer F.CrtYd) (width 0.05))
    (fp_line (start -0.261252 0.71) (end 0.261252 0.71) (layer F.SilkS) (width 0.12))
    (fp_line (start -0.261252 -0.71) (end 0.261252 -0.71) (layer F.SilkS) (width 0.12))
    (fp_line (start 1 0.6) (end -1 0.6) (layer F.Fab) (width 0.1))
    (fp_line (start 1 -0.6) (end 1 0.6) (layer F.Fab) (width 0.1))
    (fp_line (start -1 -0.6) (end 1 -0.6) (layer F.Fab) (width 0.1))
    (fp_line (start -1 0.6) (end -1 -0.6) (layer F.Fab) (width 0.1))
    (pad 2 smd roundrect (at 1.025 0) (size 1.15 1.4) (layers F.Cu F.Paste F.Mask) (roundrect_rratio 0.217391)
      (net 1 GND))
    (pad 1 smd roundrect (at -1.025 0) (size 1.15 1.4) (layers F.Cu F.Paste F.Mask) (roundrect_rratio 0.217391)
      (net 2 +5V))
    (model ${KISYS3DMOD}/Capacitor_SMD.3dshapes/C_0805_2012Metric.wrl
      (at (xyz 0 0 0))
      (scale (xyz 1 1 1))
      (rotate (xyz 0 0 0))
    )
  )

  (module Capacitor_SMD:C_0805_2012Metric_Pad1.15x1.40mm_HandSolder (layer F.Cu) (tedit 5B36C52B) (tstamp 6044E28D)
    (at 124.035001 53.195001)
    (descr "Capacitor SMD 0805 (2012 Metric), square (rectangular) end terminal, IPC_7351 nominal with elongated pad for handsoldering. (Body size source: https://docs.google.com/spreadsheets/d/1BsfQQcO9C6DZCsRaXUlFlo91Tg2WpOkGARC1WS5S8t0/edit?usp=sharing), generated with kicad-footprint-generator")
    (tags "capacitor handsolder")
    (path /60615A71)
    (attr smd)
    (fp_text reference C4 (at 0 -1.65) (layer F.SilkS)
      (effects (font (size 1 1) (thickness 0.15)))
    )
    (fp_text value 100n (at 0 1.65) (layer F.Fab)
      (effects (font (size 1 1) (thickness 0.15)))
    )
    (fp_line (start -1 0.6) (end -1 -0.6) (layer F.Fab) (width 0.1))
    (fp_line (start -1 -0.6) (end 1 -0.6) (layer F.Fab) (width 0.1))
    (fp_line (start 1 -0.6) (end 1 0.6) (layer F.Fab) (width 0.1))
    (fp_line (start 1 0.6) (end -1 0.6) (layer F.Fab) (width 0.1))
    (fp_line (start -0.261252 -0.71) (end 0.261252 -0.71) (layer F.SilkS) (width 0.12))
    (fp_line (start -0.261252 0.71) (end 0.261252 0.71) (layer F.SilkS) (width 0.12))
    (fp_line (start -1.85 0.95) (end -1.85 -0.95) (layer F.CrtYd) (width 0.05))
    (fp_line (start -1.85 -0.95) (end 1.85 -0.95) (layer F.CrtYd) (width 0.05))
    (fp_line (start 1.85 -0.95) (end 1.85 0.95) (layer F.CrtYd) (width 0.05))
    (fp_line (start 1.85 0.95) (end -1.85 0.95) (layer F.CrtYd) (width 0.05))
    (fp_text user %R (at 0 0) (layer F.Fab)
      (effects (font (size 0.5 0.5) (thickness 0.08)))
    )
    (pad 1 smd roundrect (at -1.025 0) (size 1.15 1.4) (layers F.Cu F.Paste F.Mask) (roundrect_rratio 0.217391)
      (net 2 +5V))
    (pad 2 smd roundrect (at 1.025 0) (size 1.15 1.4) (layers F.Cu F.Paste F.Mask) (roundrect_rratio 0.217391)
      (net 1 GND))
    (model ${KISYS3DMOD}/Capacitor_SMD.3dshapes/C_0805_2012Metric.wrl
      (at (xyz 0 0 0))
      (scale (xyz 1 1 1))
      (rotate (xyz 0 0 0))
    )
  )

  (module Capacitor_SMD:C_0805_2012Metric_Pad1.15x1.40mm_HandSolder (layer F.Cu) (tedit 5B36C52B) (tstamp 6044E29E)
    (at 128.915001 71.805001)
    (descr "Capacitor SMD 0805 (2012 Metric), square (rectangular) end terminal, IPC_7351 nominal with elongated pad for handsoldering. (Body size source: https://docs.google.com/spreadsheets/d/1BsfQQcO9C6DZCsRaXUlFlo91Tg2WpOkGARC1WS5S8t0/edit?usp=sharing), generated with kicad-footprint-generator")
    (tags "capacitor handsolder")
    (path /602B5217)
    (attr smd)
    (fp_text reference C5 (at 0 -1.65) (layer F.SilkS)
      (effects (font (size 1 1) (thickness 0.15)))
    )
    (fp_text value 10n (at 0 1.65) (layer F.Fab)
      (effects (font (size 1 1) (thickness 0.15)))
    )
    (fp_line (start -1 0.6) (end -1 -0.6) (layer F.Fab) (width 0.1))
    (fp_line (start -1 -0.6) (end 1 -0.6) (layer F.Fab) (width 0.1))
    (fp_line (start 1 -0.6) (end 1 0.6) (layer F.Fab) (width 0.1))
    (fp_line (start 1 0.6) (end -1 0.6) (layer F.Fab) (width 0.1))
    (fp_line (start -0.261252 -0.71) (end 0.261252 -0.71) (layer F.SilkS) (width 0.12))
    (fp_line (start -0.261252 0.71) (end 0.261252 0.71) (layer F.SilkS) (width 0.12))
    (fp_line (start -1.85 0.95) (end -1.85 -0.95) (layer F.CrtYd) (width 0.05))
    (fp_line (start -1.85 -0.95) (end 1.85 -0.95) (layer F.CrtYd) (width 0.05))
    (fp_line (start 1.85 -0.95) (end 1.85 0.95) (layer F.CrtYd) (width 0.05))
    (fp_line (start 1.85 0.95) (end -1.85 0.95) (layer F.CrtYd) (width 0.05))
    (fp_text user %R (at 0 0) (layer F.Fab)
      (effects (font (size 0.5 0.5) (thickness 0.08)))
    )
    (pad 1 smd roundrect (at -1.025 0) (size 1.15 1.4) (layers F.Cu F.Paste F.Mask) (roundrect_rratio 0.217391)
      (net 2 +5V))
    (pad 2 smd roundrect (at 1.025 0) (size 1.15 1.4) (layers F.Cu F.Paste F.Mask) (roundrect_rratio 0.217391)
      (net 1 GND))
    (model ${KISYS3DMOD}/Capacitor_SMD.3dshapes/C_0805_2012Metric.wrl
      (at (xyz 0 0 0))
      (scale (xyz 1 1 1))
      (rotate (xyz 0 0 0))
    )
  )

  (module Capacitor_THT:CP_Radial_D8.0mm_P3.50mm (layer F.Cu) (tedit 5AE50EF0) (tstamp 6044E347)
    (at 130.569699 51.155001)
    (descr "CP, Radial series, Radial, pin pitch=3.50mm, , diameter=8mm, Electrolytic Capacitor")
    (tags "CP Radial series Radial pin pitch 3.50mm  diameter 8mm Electrolytic Capacitor")
    (path /60426845)
    (fp_text reference C6 (at 1.75 -5.25) (layer F.SilkS)
      (effects (font (size 1 1) (thickness 0.15)))
    )
    (fp_text value 100u (at 1.75 5.25) (layer F.Fab)
      (effects (font (size 1 1) (thickness 0.15)))
    )
    (fp_circle (center 1.75 0) (end 5.75 0) (layer F.Fab) (width 0.1))
    (fp_circle (center 1.75 0) (end 5.87 0) (layer F.SilkS) (width 0.12))
    (fp_circle (center 1.75 0) (end 6 0) (layer F.CrtYd) (width 0.05))
    (fp_line (start -1.676759 -1.7475) (end -0.876759 -1.7475) (layer F.Fab) (width 0.1))
    (fp_line (start -1.276759 -2.1475) (end -1.276759 -1.3475) (layer F.Fab) (width 0.1))
    (fp_line (start 1.75 -4.08) (end 1.75 4.08) (layer F.SilkS) (width 0.12))
    (fp_line (start 1.79 -4.08) (end 1.79 4.08) (layer F.SilkS) (width 0.12))
    (fp_line (start 1.83 -4.08) (end 1.83 4.08) (layer F.SilkS) (width 0.12))
    (fp_line (start 1.87 -4.079) (end 1.87 4.079) (layer F.SilkS) (width 0.12))
    (fp_line (start 1.91 -4.077) (end 1.91 4.077) (layer F.SilkS) (width 0.12))
    (fp_line (start 1.95 -4.076) (end 1.95 4.076) (layer F.SilkS) (width 0.12))
    (fp_line (start 1.99 -4.074) (end 1.99 4.074) (layer F.SilkS) (width 0.12))
    (fp_line (start 2.03 -4.071) (end 2.03 4.071) (layer F.SilkS) (width 0.12))
    (fp_line (start 2.07 -4.068) (end 2.07 4.068) (layer F.SilkS) (width 0.12))
    (fp_line (start 2.11 -4.065) (end 2.11 4.065) (layer F.SilkS) (width 0.12))
    (fp_line (start 2.15 -4.061) (end 2.15 4.061) (layer F.SilkS) (width 0.12))
    (fp_line (start 2.19 -4.057) (end 2.19 4.057) (layer F.SilkS) (width 0.12))
    (fp_line (start 2.23 -4.052) (end 2.23 4.052) (layer F.SilkS) (width 0.12))
    (fp_line (start 2.27 -4.048) (end 2.27 4.048) (layer F.SilkS) (width 0.12))
    (fp_line (start 2.31 -4.042) (end 2.31 4.042) (layer F.SilkS) (width 0.12))
    (fp_line (start 2.35 -4.037) (end 2.35 4.037) (layer F.SilkS) (width 0.12))
    (fp_line (start 2.39 -4.03) (end 2.39 4.03) (layer F.SilkS) (width 0.12))
    (fp_line (start 2.43 -4.024) (end 2.43 4.024) (layer F.SilkS) (width 0.12))
    (fp_line (start 2.471 -4.017) (end 2.471 -1.04) (layer F.SilkS) (width 0.12))
    (fp_line (start 2.471 1.04) (end 2.471 4.017) (layer F.SilkS) (width 0.12))
    (fp_line (start 2.511 -4.01) (end 2.511 -1.04) (layer F.SilkS) (width 0.12))
    (fp_line (start 2.511 1.04) (end 2.511 4.01) (layer F.SilkS) (width 0.12))
    (fp_line (start 2.551 -4.002) (end 2.551 -1.04) (layer F.SilkS) (width 0.12))
    (fp_line (start 2.551 1.04) (end 2.551 4.002) (layer F.SilkS) (width 0.12))
    (fp_line (start 2.591 -3.994) (end 2.591 -1.04) (layer F.SilkS) (width 0.12))
    (fp_line (start 2.591 1.04) (end 2.591 3.994) (layer F.SilkS) (width 0.12))
    (fp_line (start 2.631 -3.985) (end 2.631 -1.04) (layer F.SilkS) (width 0.12))
    (fp_line (start 2.631 1.04) (end 2.631 3.985) (layer F.SilkS) (width 0.12))
    (fp_line (start 2.671 -3.976) (end 2.671 -1.04) (layer F.SilkS) (width 0.12))
    (fp_line (start 2.671 1.04) (end 2.671 3.976) (layer F.SilkS) (width 0.12))
    (fp_line (start 2.711 -3.967) (end 2.711 -1.04) (layer F.SilkS) (width 0.12))
    (fp_line (start 2.711 1.04) (end 2.711 3.967) (layer F.SilkS) (width 0.12))
    (fp_line (start 2.751 -3.957) (end 2.751 -1.04) (layer F.SilkS) (width 0.12))
    (fp_line (start 2.751 1.04) (end 2.751 3.957) (layer F.SilkS) (width 0.12))
    (fp_line (start 2.791 -3.947) (end 2.791 -1.04) (layer F.SilkS) (width 0.12))
    (fp_line (start 2.791 1.04) (end 2.791 3.947) (layer F.SilkS) (width 0.12))
    (fp_line (start 2.831 -3.936) (end 2.831 -1.04) (layer F.SilkS) (width 0.12))
    (fp_line (start 2.831 1.04) (end 2.831 3.936) (layer F.SilkS) (width 0.12))
    (fp_line (start 2.871 -3.925) (end 2.871 -1.04) (layer F.SilkS) (width 0.12))
    (fp_line (start 2.871 1.04) (end 2.871 3.925) (layer F.SilkS) (width 0.12))
    (fp_line (start 2.911 -3.914) (end 2.911 -1.04) (layer F.SilkS) (width 0.12))
    (fp_line (start 2.911 1.04) (end 2.911 3.914) (layer F.SilkS) (width 0.12))
    (fp_line (start 2.951 -3.902) (end 2.951 -1.04) (layer F.SilkS) (width 0.12))
    (fp_line (start 2.951 1.04) (end 2.951 3.902) (layer F.SilkS) (width 0.12))
    (fp_line (start 2.991 -3.889) (end 2.991 -1.04) (layer F.SilkS) (width 0.12))
    (fp_line (start 2.991 1.04) (end 2.991 3.889) (layer F.SilkS) (width 0.12))
    (fp_line (start 3.031 -3.877) (end 3.031 -1.04) (layer F.SilkS) (width 0.12))
    (fp_line (start 3.031 1.04) (end 3.031 3.877) (layer F.SilkS) (width 0.12))
    (fp_line (start 3.071 -3.863) (end 3.071 -1.04) (layer F.SilkS) (width 0.12))
    (fp_line (start 3.071 1.04) (end 3.071 3.863) (layer F.SilkS) (width 0.12))
    (fp_line (start 3.111 -3.85) (end 3.111 -1.04) (layer F.SilkS) (width 0.12))
    (fp_line (start 3.111 1.04) (end 3.111 3.85) (layer F.SilkS) (width 0.12))
    (fp_line (start 3.151 -3.835) (end 3.151 -1.04) (layer F.SilkS) (width 0.12))
    (fp_line (start 3.151 1.04) (end 3.151 3.835) (layer F.SilkS) (width 0.12))
    (fp_line (start 3.191 -3.821) (end 3.191 -1.04) (layer F.SilkS) (width 0.12))
    (fp_line (start 3.191 1.04) (end 3.191 3.821) (layer F.SilkS) (width 0.12))
    (fp_line (start 3.231 -3.805) (end 3.231 -1.04) (layer F.SilkS) (width 0.12))
    (fp_line (start 3.231 1.04) (end 3.231 3.805) (layer F.SilkS) (width 0.12))
    (fp_line (start 3.271 -3.79) (end 3.271 -1.04) (layer F.SilkS) (width 0.12))
    (fp_line (start 3.271 1.04) (end 3.271 3.79) (layer F.SilkS) (width 0.12))
    (fp_line (start 3.311 -3.774) (end 3.311 -1.04) (layer F.SilkS) (width 0.12))
    (fp_line (start 3.311 1.04) (end 3.311 3.774) (layer F.SilkS) (width 0.12))
    (fp_line (start 3.351 -3.757) (end 3.351 -1.04) (layer F.SilkS) (width 0.12))
    (fp_line (start 3.351 1.04) (end 3.351 3.757) (layer F.SilkS) (width 0.12))
    (fp_line (start 3.391 -3.74) (end 3.391 -1.04) (layer F.SilkS) (width 0.12))
    (fp_line (start 3.391 1.04) (end 3.391 3.74) (layer F.SilkS) (width 0.12))
    (fp_line (start 3.431 -3.722) (end 3.431 -1.04) (layer F.SilkS) (width 0.12))
    (fp_line (start 3.431 1.04) (end 3.431 3.722) (layer F.SilkS) (width 0.12))
    (fp_line (start 3.471 -3.704) (end 3.471 -1.04) (layer F.SilkS) (width 0.12))
    (fp_line (start 3.471 1.04) (end 3.471 3.704) (layer F.SilkS) (width 0.12))
    (fp_line (start 3.511 -3.686) (end 3.511 -1.04) (layer F.SilkS) (width 0.12))
    (fp_line (start 3.511 1.04) (end 3.511 3.686) (layer F.SilkS) (width 0.12))
    (fp_line (start 3.551 -3.666) (end 3.551 -1.04) (layer F.SilkS) (width 0.12))
    (fp_line (start 3.551 1.04) (end 3.551 3.666) (layer F.SilkS) (width 0.12))
    (fp_line (start 3.591 -3.647) (end 3.591 -1.04) (layer F.SilkS) (width 0.12))
    (fp_line (start 3.591 1.04) (end 3.591 3.647) (layer F.SilkS) (width 0.12))
    (fp_line (start 3.631 -3.627) (end 3.631 -1.04) (layer F.SilkS) (width 0.12))
    (fp_line (start 3.631 1.04) (end 3.631 3.627) (layer F.SilkS) (width 0.12))
    (fp_line (start 3.671 -3.606) (end 3.671 -1.04) (layer F.SilkS) (width 0.12))
    (fp_line (start 3.671 1.04) (end 3.671 3.606) (layer F.SilkS) (width 0.12))
    (fp_line (start 3.711 -3.584) (end 3.711 -1.04) (layer F.SilkS) (width 0.12))
    (fp_line (start 3.711 1.04) (end 3.711 3.584) (layer F.SilkS) (width 0.12))
    (fp_line (start 3.751 -3.562) (end 3.751 -1.04) (layer F.SilkS) (width 0.12))
    (fp_line (start 3.751 1.04) (end 3.751 3.562) (layer F.SilkS) (width 0.12))
    (fp_line (start 3.791 -3.54) (end 3.791 -1.04) (layer F.SilkS) (width 0.12))
    (fp_line (start 3.791 1.04) (end 3.791 3.54) (layer F.SilkS) (width 0.12))
    (fp_line (start 3.831 -3.517) (end 3.831 -1.04) (layer F.SilkS) (width 0.12))
    (fp_line (start 3.831 1.04) (end 3.831 3.517) (layer F.SilkS) (width 0.12))
    (fp_line (start 3.871 -3.493) (end 3.871 -1.04) (layer F.SilkS) (width 0.12))
    (fp_line (start 3.871 1.04) (end 3.871 3.493) (layer F.SilkS) (width 0.12))
    (fp_line (start 3.911 -3.469) (end 3.911 -1.04) (layer F.SilkS) (width 0.12))
    (fp_line (start 3.911 1.04) (end 3.911 3.469) (layer F.SilkS) (width 0.12))
    (fp_line (start 3.951 -3.444) (end 3.951 -1.04) (layer F.SilkS) (width 0.12))
    (fp_line (start 3.951 1.04) (end 3.951 3.444) (layer F.SilkS) (width 0.12))
    (fp_line (start 3.991 -3.418) (end 3.991 -1.04) (layer F.SilkS) (width 0.12))
    (fp_line (start 3.991 1.04) (end 3.991 3.418) (layer F.SilkS) (width 0.12))
    (fp_line (start 4.031 -3.392) (end 4.031 -1.04) (layer F.SilkS) (width 0.12))
    (fp_line (start 4.031 1.04) (end 4.031 3.392) (layer F.SilkS) (width 0.12))
    (fp_line (start 4.071 -3.365) (end 4.071 -1.04) (layer F.SilkS) (width 0.12))
    (fp_line (start 4.071 1.04) (end 4.071 3.365) (layer F.SilkS) (width 0.12))
    (fp_line (start 4.111 -3.338) (end 4.111 -1.04) (layer F.SilkS) (width 0.12))
    (fp_line (start 4.111 1.04) (end 4.111 3.338) (layer F.SilkS) (width 0.12))
    (fp_line (start 4.151 -3.309) (end 4.151 -1.04) (layer F.SilkS) (width 0.12))
    (fp_line (start 4.151 1.04) (end 4.151 3.309) (layer F.SilkS) (width 0.12))
    (fp_line (start 4.191 -3.28) (end 4.191 -1.04) (layer F.SilkS) (width 0.12))
    (fp_line (start 4.191 1.04) (end 4.191 3.28) (layer F.SilkS) (width 0.12))
    (fp_line (start 4.231 -3.25) (end 4.231 -1.04) (layer F.SilkS) (width 0.12))
    (fp_line (start 4.231 1.04) (end 4.231 3.25) (layer F.SilkS) (width 0.12))
    (fp_line (start 4.271 -3.22) (end 4.271 -1.04) (layer F.SilkS) (width 0.12))
    (fp_line (start 4.271 1.04) (end 4.271 3.22) (layer F.SilkS) (width 0.12))
    (fp_line (start 4.311 -3.189) (end 4.311 -1.04) (layer F.SilkS) (width 0.12))
    (fp_line (start 4.311 1.04) (end 4.311 3.189) (layer F.SilkS) (width 0.12))
    (fp_line (start 4.351 -3.156) (end 4.351 -1.04) (layer F.SilkS) (width 0.12))
    (fp_line (start 4.351 1.04) (end 4.351 3.156) (layer F.SilkS) (width 0.12))
    (fp_line (start 4.391 -3.124) (end 4.391 -1.04) (layer F.SilkS) (width 0.12))
    (fp_line (start 4.391 1.04) (end 4.391 3.124) (layer F.SilkS) (width 0.12))
    (fp_line (start 4.431 -3.09) (end 4.431 -1.04) (layer F.SilkS) (width 0.12))
    (fp_line (start 4.431 1.04) (end 4.431 3.09) (layer F.SilkS) (width 0.12))
    (fp_line (start 4.471 -3.055) (end 4.471 -1.04) (layer F.SilkS) (width 0.12))
    (fp_line (start 4.471 1.04) (end 4.471 3.055) (layer F.SilkS) (width 0.12))
    (fp_line (start 4.511 -3.019) (end 4.511 -1.04) (layer F.SilkS) (width 0.12))
    (fp_line (start 4.511 1.04) (end 4.511 3.019) (layer F.SilkS) (width 0.12))
    (fp_line (start 4.551 -2.983) (end 4.551 2.983) (layer F.SilkS) (width 0.12))
    (fp_line (start 4.591 -2.945) (end 4.591 2.945) (layer F.SilkS) (width 0.12))
    (fp_line (start 4.631 -2.907) (end 4.631 2.907) (layer F.SilkS) (width 0.12))
    (fp_line (start 4.671 -2.867) (end 4.671 2.867) (layer F.SilkS) (width 0.12))
    (fp_line (start 4.711 -2.826) (end 4.711 2.826) (layer F.SilkS) (width 0.12))
    (fp_line (start 4.751 -2.784) (end 4.751 2.784) (layer F.SilkS) (width 0.12))
    (fp_line (start 4.791 -2.741) (end 4.791 2.741) (layer F.SilkS) (width 0.12))
    (fp_line (start 4.831 -2.697) (end 4.831 2.697) (layer F.SilkS) (width 0.12))
    (fp_line (start 4.871 -2.651) (end 4.871 2.651) (layer F.SilkS) (width 0.12))
    (fp_line (start 4.911 -2.604) (end 4.911 2.604) (layer F.SilkS) (width 0.12))
    (fp_line (start 4.951 -2.556) (end 4.951 2.556) (layer F.SilkS) (width 0.12))
    (fp_line (start 4.991 -2.505) (end 4.991 2.505) (layer F.SilkS) (width 0.12))
    (fp_line (start 5.031 -2.454) (end 5.031 2.454) (layer F.SilkS) (width 0.12))
    (fp_line (start 5.071 -2.4) (end 5.071 2.4) (layer F.SilkS) (width 0.12))
    (fp_line (start 5.111 -2.345) (end 5.111 2.345) (layer F.SilkS) (width 0.12))
    (fp_line (start 5.151 -2.287) (end 5.151 2.287) (layer F.SilkS) (width 0.12))
    (fp_line (start 5.191 -2.228) (end 5.191 2.228) (layer F.SilkS) (width 0.12))
    (fp_line (start 5.231 -2.166) (end 5.231 2.166) (layer F.SilkS) (width 0.12))
    (fp_line (start 5.271 -2.102) (end 5.271 2.102) (layer F.SilkS) (width 0.12))
    (fp_line (start 5.311 -2.034) (end 5.311 2.034) (layer F.SilkS) (width 0.12))
    (fp_line (start 5.351 -1.964) (end 5.351 1.964) (layer F.SilkS) (width 0.12))
    (fp_line (start 5.391 -1.89) (end 5.391 1.89) (layer F.SilkS) (width 0.12))
    (fp_line (start 5.431 -1.813) (end 5.431 1.813) (layer F.SilkS) (width 0.12))
    (fp_line (start 5.471 -1.731) (end 5.471 1.731) (layer F.SilkS) (width 0.12))
    (fp_line (start 5.511 -1.645) (end 5.511 1.645) (layer F.SilkS) (width 0.12))
    (fp_line (start 5.551 -1.552) (end 5.551 1.552) (layer F.SilkS) (width 0.12))
    (fp_line (start 5.591 -1.453) (end 5.591 1.453) (layer F.SilkS) (width 0.12))
    (fp_line (start 5.631 -1.346) (end 5.631 1.346) (layer F.SilkS) (width 0.12))
    (fp_line (start 5.671 -1.229) (end 5.671 1.229) (layer F.SilkS) (width 0.12))
    (fp_line (start 5.711 -1.098) (end 5.711 1.098) (layer F.SilkS) (width 0.12))
    (fp_line (start 5.751 -0.948) (end 5.751 0.948) (layer F.SilkS) (width 0.12))
    (fp_line (start 5.791 -0.768) (end 5.791 0.768) (layer F.SilkS) (width 0.12))
    (fp_line (start 5.831 -0.533) (end 5.831 0.533) (layer F.SilkS) (width 0.12))
    (fp_line (start -2.659698 -2.315) (end -1.859698 -2.315) (layer F.SilkS) (width 0.12))
    (fp_line (start -2.259698 -2.715) (end -2.259698 -1.915) (layer F.SilkS) (width 0.12))
    (fp_text user %R (at 1.75 0) (layer F.Fab)
      (effects (font (size 1 1) (thickness 0.15)))
    )
    (pad 1 thru_hole rect (at 0 0) (size 1.6 1.6) (drill 0.8) (layers *.Cu *.Mask)
      (net 2 +5V))
    (pad 2 thru_hole circle (at 3.5 0) (size 1.6 1.6) (drill 0.8) (layers *.Cu *.Mask)
      (net 1 GND))
    (model ${KISYS3DMOD}/Capacitor_THT.3dshapes/CP_Radial_D8.0mm_P3.50mm.wrl
      (at (xyz 0 0 0))
      (scale (xyz 1 1 1))
      (rotate (xyz 0 0 0))
    )
  )

  (module Capacitor_SMD:C_0805_2012Metric_Pad1.15x1.40mm_HandSolder (layer F.Cu) (tedit 5B36C52B) (tstamp 6044E358)
    (at 144.115001 52.355001)
    (descr "Capacitor SMD 0805 (2012 Metric), square (rectangular) end terminal, IPC_7351 nominal with elongated pad for handsoldering. (Body size source: https://docs.google.com/spreadsheets/d/1BsfQQcO9C6DZCsRaXUlFlo91Tg2WpOkGARC1WS5S8t0/edit?usp=sharing), generated with kicad-footprint-generator")
    (tags "capacitor handsolder")
    (path /6061B2EF)
    (attr smd)
    (fp_text reference C7 (at 0 -1.65) (layer F.SilkS)
      (effects (font (size 1 1) (thickness 0.15)))
    )
    (fp_text value 100n (at 0 1.65) (layer F.Fab)
      (effects (font (size 1 1) (thickness 0.15)))
    )
    (fp_text user %R (at 0 0) (layer F.Fab)
      (effects (font (size 0.5 0.5) (thickness 0.08)))
    )
    (fp_line (start 1.85 0.95) (end -1.85 0.95) (layer F.CrtYd) (width 0.05))
    (fp_line (start 1.85 -0.95) (end 1.85 0.95) (layer F.CrtYd) (width 0.05))
    (fp_line (start -1.85 -0.95) (end 1.85 -0.95) (layer F.CrtYd) (width 0.05))
    (fp_line (start -1.85 0.95) (end -1.85 -0.95) (layer F.CrtYd) (width 0.05))
    (fp_line (start -0.261252 0.71) (end 0.261252 0.71) (layer F.SilkS) (width 0.12))
    (fp_line (start -0.261252 -0.71) (end 0.261252 -0.71) (layer F.SilkS) (width 0.12))
    (fp_line (start 1 0.6) (end -1 0.6) (layer F.Fab) (width 0.1))
    (fp_line (start 1 -0.6) (end 1 0.6) (layer F.Fab) (width 0.1))
    (fp_line (start -1 -0.6) (end 1 -0.6) (layer F.Fab) (width 0.1))
    (fp_line (start -1 0.6) (end -1 -0.6) (layer F.Fab) (width 0.1))
    (pad 2 smd roundrect (at 1.025 0) (size 1.15 1.4) (layers F.Cu F.Paste F.Mask) (roundrect_rratio 0.217391)
      (net 1 GND))
    (pad 1 smd roundrect (at -1.025 0) (size 1.15 1.4) (layers F.Cu F.Paste F.Mask) (roundrect_rratio 0.217391)
      (net 2 +5V))
    (model ${KISYS3DMOD}/Capacitor_SMD.3dshapes/C_0805_2012Metric.wrl
      (at (xyz 0 0 0))
      (scale (xyz 1 1 1))
      (rotate (xyz 0 0 0))
    )
  )

  (module Capacitor_SMD:C_0805_2012Metric_Pad1.15x1.40mm_HandSolder (layer F.Cu) (tedit 5B36C52B) (tstamp 6044E369)
    (at 124.165001 71.695001)
    (descr "Capacitor SMD 0805 (2012 Metric), square (rectangular) end terminal, IPC_7351 nominal with elongated pad for handsoldering. (Body size source: https://docs.google.com/spreadsheets/d/1BsfQQcO9C6DZCsRaXUlFlo91Tg2WpOkGARC1WS5S8t0/edit?usp=sharing), generated with kicad-footprint-generator")
    (tags "capacitor handsolder")
    (path /606208F0)
    (attr smd)
    (fp_text reference C8 (at 0 -1.65) (layer F.SilkS)
      (effects (font (size 1 1) (thickness 0.15)))
    )
    (fp_text value 100n (at 0 1.65) (layer F.Fab)
      (effects (font (size 1 1) (thickness 0.15)))
    )
    (fp_line (start -1 0.6) (end -1 -0.6) (layer F.Fab) (width 0.1))
    (fp_line (start -1 -0.6) (end 1 -0.6) (layer F.Fab) (width 0.1))
    (fp_line (start 1 -0.6) (end 1 0.6) (layer F.Fab) (width 0.1))
    (fp_line (start 1 0.6) (end -1 0.6) (layer F.Fab) (width 0.1))
    (fp_line (start -0.261252 -0.71) (end 0.261252 -0.71) (layer F.SilkS) (width 0.12))
    (fp_line (start -0.261252 0.71) (end 0.261252 0.71) (layer F.SilkS) (width 0.12))
    (fp_line (start -1.85 0.95) (end -1.85 -0.95) (layer F.CrtYd) (width 0.05))
    (fp_line (start -1.85 -0.95) (end 1.85 -0.95) (layer F.CrtYd) (width 0.05))
    (fp_line (start 1.85 -0.95) (end 1.85 0.95) (layer F.CrtYd) (width 0.05))
    (fp_line (start 1.85 0.95) (end -1.85 0.95) (layer F.CrtYd) (width 0.05))
    (fp_text user %R (at 0 0) (layer F.Fab)
      (effects (font (size 0.5 0.5) (thickness 0.08)))
    )
    (pad 1 smd roundrect (at -1.025 0) (size 1.15 1.4) (layers F.Cu F.Paste F.Mask) (roundrect_rratio 0.217391)
      (net 2 +5V))
    (pad 2 smd roundrect (at 1.025 0) (size 1.15 1.4) (layers F.Cu F.Paste F.Mask) (roundrect_rratio 0.217391)
      (net 1 GND))
    (model ${KISYS3DMOD}/Capacitor_SMD.3dshapes/C_0805_2012Metric.wrl
      (at (xyz 0 0 0))
      (scale (xyz 1 1 1))
      (rotate (xyz 0 0 0))
    )
  )

  (module Capacitor_SMD:C_0805_2012Metric_Pad1.15x1.40mm_HandSolder (layer F.Cu) (tedit 5B36C52B) (tstamp 6044E37A)
    (at 148.765001 48.255001)
